0.249790380499 0.249790380499 0.244368400903 0.245185631756 0.249916047078 0.245739479292 0.249916047078 0.240846598115 0.248835139519 0.264811808399 0.255302801265 0.255419376006 0.259782390086 
0.249916047078 0.230915334159 0.251511769237 0.240031452581 0.245034984363 0.245034984363 0.253891565277 0.259308479472 0.255589117889 0.230660716182 0.230764059814 0.235172085861 0.269231179579 
0.273954971638 0.245739479292 0.259782390086 0.270606352546 0.276225287134 0.250023462168 0.249916047078 0.269231179579 0.259245638945 0.250617344495 0.270148819254 0.23086640699 0.274892916753 
0.260103309012 0.24545122322 0.275371801251 0.26979443962 0.258569904658 0.259278319465 0.259117872028 0.26979443962 0.280953548106 0.264552840198 0.280953548106 0.249916047078 0.268916759997 
0.255302801265 0.277695834234 0.274288966864 0.283017714516 0.279533327591 0.285352099862 0.279533327591 0.279533327591 0.274288966864 0.265185535767 0.269774399673 0.279533327591 0.279533327591 
0.269231179579 0.278290590666 0.274288966864 0.279533327591 0.279533327591 0.269774399673 0.279533327591 0.259472251662 0.279533327591 0.269541318003 0.278229188051 0.284381510304 0.278563183277 
0.259782390086 0.269231179579 0.285352099862 0.268872052669 0.270251428261 0.250329088423 0.254018666067 0.255131911685 0.264944227007 0.246776042972 0.250023462168 0.240031452581 0.258880043082 
0.245980837364 0.254843655614 0.254904524883 0.26489653447 0.266243750275 0.250023462168 0.269774399673 0.269541318003 0.255426607849 0.24109683899 0.25586510299 0.269541318003 0.264552840198 
0.250219168266 0.259263026794 0.256028686377 0.250505449888 0.260088016341 0.264216349161 0.27243244841 0.269541318003 0.278563183277 0.269774399673 0.279273293535 0.27243244841 0.27449661482 
0.269541318003 0.260609354082 0.261613474826 0.250617344495 0.254944559673 0.264552840198 0.240307766553 0.259782390086 0.271605484414 0.25903264333 0.264296957276 0.245185631756 0.260376272412 
0.281597494001 0.279533327591 0.259782390086 0.271605484414 0.270251428261 0.27389409205 0.248888033495 0.235602464047 0.25959015334 0.268261035266 0.270251428261 0.269281283948 0.268872052669 
0.270368282 0.265123921273 0.283661660411 0.272315594671 0.272828750343 0.271605484414 0.273669650824 0.276225287134 0.276225287134 0.276225287134 0.281597494001 0.279533327591 0.279533327591 
0.281597494001 0.283661660411 0.271605484414 0.273669650824 0.279533327591 0.269541318003 0.273669650824 0.269541318003 0.273669650824 0.230039442994 0.249790380499 0.222107849009 0.220325564733 
0.239798370911 0.249790380499 0.249790380499 0.221307053634 0.240031452581 0.240307766553 0.264552840198 0.240031452581 0.259549308416 0.255131911685 0.279199332365 0.273864066418 0.278937602858 
0.253789315041 0.269231179579 0.26421341315 0.274594098132 0.274594098132 0.260297241209 0.273623953819 0.269231179579 0.278563183277 0.279533327591 0.259782390086 0.258880043082 0.279513856596 
0.277980452242 0.268969450073 0.258569904658 0.269541318003 0.277980452242 0.258292882481 0.268261035266 0.259549308416 0.287948605027 0.270921878885 0.239196902887 0.279533327591 0.257538402235 
0.259782390086 0.250617344495 0.259472251662 0.258880043082 0.259472251662 0.253789315041 0.260187321051 0.249790380499 0.258569904658 0.249790380499 0.254793912281 0.259782390086 0.254793912281 
0.244912515296 0.254926417462 0.244995640278 0.250617344495 0.265608205921 0.255636527719 0.274780157942 0.265060740966 0.279983403792 0.264734201315 0.249713323744 0.276064610331 0.266628515797 
0.269541318003 0.279533327591 0.278972370831 0.271078392257 0.280953548106 0.27681747997 0.269541318003 0.271078392257 0.272269085797 0.270368282 0.269541318003 0.269541318003 0.269541318003 
0.274944463684 0.269541318003 0.264552840198 0.264552840198 0.274835681675 0.269398137686 0.254736914889 0.260609354082 0.273302112861 0.26857117369 0.268916759997 0.270108247944 0.269541318003 
0.254497729848 0.28593976618 0.27243244841 0.264296957276 0.2733595124 0.263923978326 0.273497790117 0.270368282 0.251476567635 0.255069071159 0.252622704341 0.250329088423 0.272828750343 
0.242419012835 0.26857117369 0.278563183277 0.264283188763 0.268261035266 0.280613009493 0.288282600253 0.272893922105 0.269231179579 0.248601751873 0.276107369712 0.283492698943 0.290143418601 
0.288282600253 0.288282600253 0.291384906173 0.291589503588 0.269231179579 0.269541318003 0.302319752491 0.281597494001 0.280953548106 0.290740960277 0.289320739762 0.279533327591 0.279533327591 
0.292136238971 0.280613009493 0.283745670095 0.278563183277 0.276107369712 0.280953548106 0.279983403792 0.26979443962 0.276993574535 0.288986744536 0.274013845028 0.293224604879 0.29853735256 
0.278229188051 0.287948605027 0.271295345989 0.26216995034 0.271844265835 0.272120335536 0.29209501643 0.281597494001 0.289320739762 0.261251016457 0.276275613719 0.256441599137 0.271078392257 
0.253978095631 0.263829673676 0.267754145708 0.264296957276 0.27342340688 0.274288966864 0.269727998282 0.263121258869 0.277410381819 0.278206768051 0.264141507551 0.26979443962 0.283157008267 
0.295756516093 0.29003085002 0.288657019834 0.270764583933 0.283948532896 0.259782390086 0.278563183277 0.282307604258 0.279533327591 0.269541318003 0.278563183277 0.283661660411 0.271605484414 
0.264277004057 0.26924647225 0.278229188051 0.282613339081 0.279273293535 0.284960219602 0.282910393387 0.268916759997 0.279533327591 0.268916759997 0.281597494001 0.284960219602 0.298002017229 
0.297668022003 0.284663165296 0.289998431243 0.287948605027 0.299966584028 0.302348073286 0.295773881992 0.298954897322 0.299245767367 0.287948605027 0.289365434641 0.311506880778 0.309439987291 
0.294253147051 0.289695159343 0.289365434641 0.269954887057 0.309810271779 0.288657019834 0.29040357415 0.298002017229 0.299245767367 0.298954897322 0.303707284666 0.279199332365 0.311506880778 
0.287948605027 0.299966584028 0.288986744536 0.292141770491 0.292200401441 0.289320739762 0.298954897322 0.298954897322 0.274161120724 0.274161120724 0.274161120724 0.289320739762 0.289752417529 
0.249504098876 0.245646083168 0.249504098876 0.265321635904 0.25451807614 0.259472251662 0.2641051385 0.248271397196 0.249790380499 0.249790380499 0.239798370911 0.239535946091 0.254777899588 
0.274887095067 0.259263026794 0.251044157812 0.264277004057 0.280302123296 0.286120895568 0.27996812807 0.265841340611 0.286860543498 0.260318104122 0.280302123296 0.290143418601 0.27996812807 
0.265461369673 0.259263026794 0.265072544905 0.266166985516 0.279199332365 0.271605484414 0.291883243044 0.280302123296 0.286064470772 0.271067970688 0.291563639116 0.27996812807 0.27996812807 
0.25215937788 0.275995525212 0.280243437848 0.273864066418 0.283087763923 0.280302123296 0.281384957684 0.270764583933 0.270310113709 0.289320739762 0.301200868783 0.291016454922 0.280953548106 
0.281722343811 0.281722343811 0.280953548106 0.27996812807 0.275709187379 0.265606644728 0.275753018693 0.271909689577 0.280302123296 0.295879159964 0.292220005782 0.284432594147 0.27048450993 
0.274226126337 0.2600318225 0.276394161476 0.274973940961 0.259675269491 0.280243437848 0.281722343811 0.269783853219 0.280302123296 0.260497459475 0.280953548106 0.27048450993 0.27996812807 
0.273864066418 0.264402192806 0.274161120724 0.279199332365 0.27996812807 0.274161120724 0.280302123296 0.25451807614 0.264402192806 0.269440404447 0.275593171945 0.259782390086 0.280302123296 
0.25451807614 0.269231179579 0.270056169126 0.268529427129 0.261145068118 0.226355037311 0.234339828388 0.219128557693 0.23523380128 0.234189968946 0.235833428934 0.250023462168 0.240858416577 
0.249504098876 0.240692795654 0.260318104122 0.266907415594 0.275146918516 0.269541318003 0.261145068118 0.246566443288 0.260088016341 0.255958875682 0.249790380499 0.245549620843 0.2600318225 
0.260376272412 0.251332413884 0.259612488278 0.270310113709 0.261713984385 0.264958335601 0.260376272412 0.279199332365 0.271078392257 0.250505449888 0.266519005627 0.263851087748 0.268529427129 
0.278497579914 0.268839565553 0.279533327591 0.271137077705 0.280243437848 0.29040357415 0.279914409528 0.284863687425 0.274524977056 0.28365147859 0.279199332365 0.273864066418 0.282949726139 
0.275302419791 0.271078392257 0.277609535439 0.275337888086 0.267080378507 0.261015109561 0.28555029977 0.270857234061 0.285572102232 0.279205994721 0.270764583933 0.286280517038 0.266274164778 
0.250219168266 0.25115407797 0.250617344495 0.251869147359 0.25586510299 0.251044157812 0.250219168266 0.250505449888 0.221896290632 0.230700786066 0.239798370911 0.221036837336 0.218104108584 
0.231510834643 0.230521430713 0.241340404297 0.255528629711 0.230521430713 0.217114704655 0.241340404297 0.230521430713 0.221698180408 0.220933429503 0.230521430713 0.201174063353 0.220063139913 
0.226117310313 0.226944274309 0.210941419916 0.212499568484 0.210941419916 0.205329351211 0.210941419916 0.22005472042 0.216324156221 0.219887046485 0.230700786066 0.216125300726 0.226555005598 
0.230521430713 0.221698180408 0.215536063727 0.219065316491 0.210941419916 0.216210142787 0.235426703838 0.253918988248 0.274632862124 0.270155473836 0.270155473836 0.250219168266 0.270310113709 
0.250505449888 0.285554554694 0.269541318003 0.274696403041 0.279199332365 0.289320739762 0.280676542877 0.288986744536 0.270764583933 0.289695159343 0.29040357415 0.269231179579 0.279199332365 
0.268619705691 0.279199332365 0.273406665777 0.249504098876 0.278129822689 0.251869147359 0.240570160506 0.244759148222 0.239659183187 0.248802346426 0.253816323689 0.244229261328 0.220072422642 
0.186745350392 0.197376782526 0.186745350392 0.210038182228 0.202891287958 0.206120987481 0.2099582781 0.216238721464 0.228226379257 0.2099582781 0.216712409822 0.206728578578 0.216125300726 
0.201180325466 0.200190921537 0.200190921537 0.201180325466 0.200190921537 0.200190921537 0.207896460523 0.19019891195 0.200190921537 0.187537528726 0.215126786141 0.227274971993 0.207072394745 
0.21587114524 0.220933429503 0.220325564733 0.209516324294 0.206282399303 0.199641917975 0.201180325466 0.200190921537 0.200190921537 0.210119689922 0.210947682029 0.207508882703 0.192548730526 
0.212714452658 0.211921003119 0.212288010106 0.196353630918 0.215463458881 0.220362918843 0.210394766058 0.196949194914 0.214966762426 0.20328324701 0.196353630918 0.210394766058 0.211381807698 
0.19050129858 0.190262730561 0.190622038607 0.190622038607 0.177415035481 0.194144951443 0.200631321904 0.182996721527 0.193383743984 0.182226325449 0.183891857264 0.192194478234 0.192336548878 
0.190971242373 0.173189524256 0.167886274242 0.186807982552 0.201733271026 0.205544175274 0.18773460822 0.186179300341 0.198080330051 0.176822698019 0.207160635307 0.191602895241 0.196429589789 
0.193789736849 0.183103491103 0.16237247816 0.202163467282 0.19350013779 0.200350097347 0.196715740371 0.177164404043 0.189984200733 0.214548240408 0.176492447955 0.190228194602 0.182983872543 
0.260979411286 0.260979411286 0.245231625715 0.260582125751 0.260177553387 0.260907770656 0.270841411545 0.265925183696 0.255313616988 0.260177553387 0.260297241209 0.260582125751 0.271596031721 
0.266265233393 0.264297265816 0.269276465428 0.250445519404 0.249516811975 0.249516811975 0.239710711282 0.260190580604 0.240532441277 0.249678864068 0.255102041514 0.23442958575 0.255102041514 
0.220777251683 0.220777251683 0.221760393499 0.220777251683 0.220777251683 0.229879056072 0.230700786066 0.210941419916 0.204978769627 0.219887046485 0.210119689922 0.210119689922 0.219887046485 
0.218826748472 0.239584784037 0.220635520107 0.226841927133 0.210303379495 0.215222528574 0.224600016095 0.201357752926 0.205355596201 0.204903679604 0.225505322002 0.24978773103 0.214263788213 
0.230700786066 0.239975498392 0.24151975965 0.239813058459 0.231181892427 0.230700786066 0.216685885436 0.228226379257 0.216606586268 0.226609443655 0.23134433236 0.230706020068 0.230049176138 
0.230868460001 0.232169321907 0.255102041514 0.227274971993 0.261207569733 0.231179917978 0.231690189996 0.226453241999 0.230519342813 0.260609354082 0.261324423471 0.232006881974 0.229222212142 
0.230211616071 0.231028846923 0.220674904507 0.235042889966 0.245850414151 0.235481507643 0.241231503578 0.249576971775 0.230603672892 0.20574066848 0.228794901257 0.210189193237 0.210706751722 
0.225650228453 0.220635520107 0.209136548106 0.215700638677 0.206036382091 0.225424636579 0.191602895241 0.204745369815 0.202869446524 0.220708776479 0.220939691616 0.225552739258 0.202157011051 
0.229781942898 0.226246366573 0.21015619804 0.23501169894 0.215729268006 0.240885645943 0.234189968946 0.23501169894 0.23501169894 0.24411873733 0.234189968946 0.224602906585 0.240698029656 
0.22904386697 0.219835986631 0.235182375789 0.230868460001 0.230441620799 0.251562213535 0.215700638677 0.215700638677 0.250737223988 0.24545122322 0.251869147359 0.239584784037 0.23501169894 
0.227933678238 0.221821648638 0.231695423997 0.205087075839 0.251047417365 0.210706751722 0.224261200561 0.226831241455 0.232289136562 0.228076295224 0.242056493125 0.231464147015 0.230481005199 
0.251869147359 0.232289136562 0.242277153202 0.251070766023 0.260592798631 0.256026595068 0.246913318315 0.259365591057 0.235833428934 0.231249953181 0.225424636579 0.234189968946 0.229616631252 
0.251044157812 0.25179918581 0.241395150053 0.242277153202 0.235172085861 0.235833428934 0.259864378845 0.270967413039 0.250219168266 0.259481705207 0.260188425163 0.270062831482 0.267827674678 
0.240846598115 0.254302123692 0.24411873733 0.236598598018 0.244940467325 0.245646083168 0.248691822428 0.230660716182 0.241483703663 0.240690254124 0.235833428934 0.244824353174 0.235833428934 
0.235148304548 0.230424351385 0.240690254124 0.260398948971 0.260545710389 0.264114592046 0.230438361246 0.265133633459 0.245646083168 0.230988274657 0.220076364456 0.235833428934 0.250751034434 
0.235172085861 0.23501169894 0.25115407797 0.23501169894 0.230934865807 0.235833428934 0.245646083168 0.2405779192 0.244931013779 0.245700682005 0.244113782927 0.235172085861 0.225424636579 
0.23501169894 0.249349142782 0.231428662439 0.232250392433 0.229946828961 0.21647901001 0.229616631252 0.224767792649 0.21489338633 0.206070217656 0.215842692581 0.2146741382 0.225424636579 
0.195158307455 0.216659304213 0.206507345885 0.197488499351 0.215837574219 0.21599796114 0.215015844224 0.21613003654 0.210868163543 0.197134494766 0.225424636579 0.209719710081 0.220635520107 
0.220836316329 0.225424636579 0.200900010758 0.210702851897 0.216246016831 0.239584784037 0.210868163543 0.239752929653 0.230642417021 0.211855205184 0.215837574219 0.23158904936 0.219648478466 
0.205908805834 0.200935495334 0.230441620799 0.210119689922 0.200939395159 0.221658046323 0.210868163543 0.205908805834 0.206070217656 0.231467406568 0.215657280016 0.211305291773 0.220674264235 
0.229817427474 0.225028629266 0.223001465604 0.219691122419 0.23009250361 0.200900010758 0.209885021727 0.2257170989 0.260297241209 0.294472118254 0.324549513828 0.306092365227 0.329758195147 
0.32453867031 0.309475302093 0.318698454634 0.318107582658 0.319877862421 0.319331057026 0.309289114889 0.310822645087 0.319575016605 0.298367994707 0.310910090707 0.323946978199 0.336614331284 
0.306350614728 0.31871620876 0.32616491977 0.310281302596 0.319331057026 0.305232515147 0.309289114889 0.298774156708 0.3291376004 0.302825603311 0.318477412805 0.311607811264 0.289809423375 
0.300578580744 0.293438890761 0.29630963583 0.288819659994 0.294120222306 0.305940929954 0.290853528858 0.300190986322 0.299482571515 0.296464930899 0.306929220469 0.305232515147 0.298774156708 
0.261145068118 0.241119390563 0.240031452581 0.23613404087 0.229057326078 0.230700786066 0.249886265452 0.250601334841 0.28097837301 0.250505449888 0.259782390086 0.259782390086 0.264402192806 
0.264469164861 0.27582218888 0.272489519445 0.274973940961 0.274379761081 0.240031452581 0.265321635904 0.255302801265 0.259472251662 0.269440404447 0.251332413884 0.271137077705 0.279533327591 
0.269541318003 0.279533327591 0.269541318003 0.259782390086 0.270310113709 0.274843960196 0.263986818852 0.289320739762 0.28097837301 0.293128660713 0.284441796153 0.296802317027 0.259991318944 
0.284863687425 0.298774156708 0.305566510373 0.29480155385 0.309100161521 0.309722241539 0.299108151934 0.29003085002 0.295062331732 0.304027065065 0.304314912981 0.288555192865 0.289525337178 
0.319092171109 0.302128248558 0.307571204807 0.318906704895 0.309100161521 0.309100161521 0.29931274935 0.300135428188 0.309100161521 0.300644939625 0.300757508206 0.309100161521 0.299108151934 
0.279199332365 0.269231179579 0.284863687425 0.295189692238 0.277869992399 0.285907792908 0.271078392257 0.296802317027 0.276072461185 0.286280517038 0.260497459475 0.245731079043 0.215321360798 
0.171142813359 0.140667306898 0.160161399842 0.177396079898 0.118371207632 0.161056374198 0.121826284007 0.110247188123 0.110206002416 0.117241163576 0.120902617023 0.117241163576 0.0912465271475 
0.215848273002 0.251435313119 0.24963976582 0.240199464877 0.255874487347 0.232209094743 0.237151861237 0.237127915815 0.249796320386 0.259858225533 0.241950844189 0.230992103757 0.240790387663 
0.245302547107 0.246961454957 0.240790387663 0.251391145132 0.241095391816 0.259900204592 0.250721282681 0.246116657575 0.261417658108 0.280380003209 0.271108021145 0.260771793262 0.245731079043 
0.270687071707 0.251064612711 0.249415710799 0.2759943467 0.259790391555 0.259964512384 0.256175691816 0.271842594243 0.241583837202 0.242377286741 0.25178642162 0.23993493529 0.241521834368 
0.241521834368 0.240728384829 0.230021361268 0.241684039108 0.248940868012 0.265008301202 0.264851383074 0.259473765318 0.261868019428 0.259964512384 0.276076504179 0.264820207889 0.25451680659 
0.221185892157 0.230622195664 0.240728384829 0.230330154112 0.241467473222 0.250712304754 0.244931675925 0.24985052283 0.23993493529 0.237420328012 0.226506460153 0.22204642441 0.23501169894 
0.221111392465 0.216353469508 0.210745495851 0.220613053323 0.253108723593 0.261098306143 0.249975065667 0.256029956931 0.246091470305 0.220613053323 0.240973867897 0.221434783318 0.215863121705 
0.103478276645 0.114955078517 0.10107509432 0.110610193044 0.124165846395 0.121014890871 0.118593575612 0.120896058155 0.133588454994 0.124966633166 0.148482895122 0.148448801778 0.129066751216 
0.121589977604 0.126074730724 0.138802897746 0.131952607715 0.136329671503 0.140940439345 0.138292660957 0.129607258298 0.119998714227 0.12969592631 0.128479445199 0.123300062489 0.129287327787 
0.124230843529 0.131688408312 0.137915519356 0.146039916744 0.149448024811 0.120045959274 0.149466409523 0.129162657014 0.127276272324 0.149466409523 0.12065775018 0.123926540951 0.108347521136 
0.121529369232 0.112808032451 0.121313360684 0.121095507506 0.109952679098 0.10284424759 0.101471741527 0.121529369232 0.121095507506 0.12430491486 0.121095507506 0.124793322326 0.121529369232 
0.103146222204 0.132164977967 0.137902381862 0.1518387352 0.155733503858 0.14829050348 0.166045652937 0.191640091766 0.170351150554 0.16984201484 0.161944715936 0.159956067804 0.179645387572 
0.195484622244 0.181671938981 0.174108490605 0.203129830273 0.195126262815 0.187782803047 0.19030302481 0.19210828253 0.178228572336 0.195990458046 0.194143120999 0.187474028595 0.165701656643 
0.165701656643 0.170808233034 0.200381108867 0.181671938981 0.175409186428 0.180923259987 0.19069061655 0.204067294935 0.197090755522 0.201922536975 0.200541651329 0.209795022421 0.201279878945 
0.206728578578 0.211322959075 0.19746411422 0.196353630918 0.200341545559 0.215237959466 0.211553733199 0.208055536561 0.210333555146 0.219808865388 0.2099582781 0.203052146788 0.197336772734 
0.210345200164 0.225818423313 0.226453241999 0.210333555146 0.2099582781 0.210333555146 0.229222212142 0.220111699509 0.224183961608 0.212499568484 0.221307053634 0.220933429503 0.2099582781 
0.229879056072 0.219887046485 0.220957145749 0.207104129297 0.209216452234 0.202962328859 0.211930823845 0.220933429503 0.215126786141 0.190596655779 0.199524314707 0.210333555146 0.210119689922 
0.201174063353 0.19019891195 0.206120987481 0.199966268513 0.200949410329 0.2099582781 0.209719710081 0.2099582781 0.210333555146 0.206630440939 0.197839391266 0.217161550051 0.210333555146 
0.202349698536 0.205908805834 0.209719710081 0.230046730007 0.219808865388 0.211930823845 0.195370489102 0.210094987127 0.187761397911 0.207233806567 0.213239417371 0.206416158279 0.197090755522 
0.186394011557 0.191602895241 0.210182931124 0.21170902005 0.195397380339 0.19350013779 0.202891287958 0.207104129297 0.207670934796 0.207233806567 0.207233806567 0.210119689922 0.213300346071 
0.200588665366 0.212234586277 0.211381807698 0.206282399303 0.216712409822 0.210941419916 0.210941419916 0.201389798111 0.201794881156 0.196887984001 0.230442822971 0.206728578578 0.168310136322 
0.196949194914 0.192337172148 0.215886732707 0.196674118777 0.2099582781 0.213239417371 0.204794102487 0.203052146788 0.219808865388 0.206077824833 0.22651054844 0.215729268006 0.21647901001 
0.205054336575 0.210947682029 0.199952353518 0.201180325466 0.205054336575 0.206913318707 0.211172335053 0.196353630918 0.207233806567 0.176967324549 0.211930823845 0.198288179998 0.201180325466 
0.221101103438 0.217161550051 0.221236420241 0.21750761543 0.215631494765 0.207233806567 0.200942722592 0.205518505616 0.22500119246 0.235470690625 0.225952599725 0.22500119246 0.225818423313 
0.208734356128 0.19933763398 0.19933763398 0.212288010106 0.206186989156 0.208734356128 0.196782386266 0.206496264527 0.216842087092 0.206496264527 0.190241311028 0.220671004683 0.217851157924 
0.207581848203 0.226769830577 0.222816409613 0.21587114524 0.20689194765 0.183886285285 0.200619676885 0.21587114524 0.205908805834 0.205908805834 0.21600322064 0.225818423313 0.217987271256 
0.20628408288 0.20628408288 0.21599796114 0.206282399303 0.207072394745 0.212594891627 0.188163363568 0.197625526041 0.21689975066 0.202720531745 0.20615726698 0.228142556469 0.196829095919 
0.217822893124 0.208055536561 0.197336772734 0.199239587262 0.218459022694 0.207072394745 0.217663817086 0.221698180408 0.217475880878 0.196321896366 0.24150284423 0.206250664751 0.208023802009 
0.220876450414 0.230354928431 0.225477719582 0.230706020068 0.224810282835 0.224944234391 0.216652045941 0.224944234391 0.220527333226 0.214474054952 0.209061338285 0.217952570394 0.211497461672 
0.211553733199 0.207233806567 0.229879056072 0.215533607786 0.210119689922 0.239691710306 0.220876450414 0.181436974954 0.210182931124 0.215736249583 0.195543925958 0.189681527854 0.240413033137 
0.257045636481 0.285158860039 0.309543644854 0.319589476234 0.308923050107 0.279212657077 0.274837444862 0.29451674141 0.289695159343 0.278517511983 0.279568166863 0.290853528858 0.281012233554 
0.195946020556 0.187383415487 0.190596655779 0.19383292421 0.196179221791 0.191182053766 0.195790719478 0.19674002573 0.172843023638 0.19674002573 0.206490010559 0.214544203857 0.216083225913 
0.212288010106 0.221922833432 0.210125952035 0.216747697668 0.224536213445 0.225750303326 0.224956853787 0.220933429503 0.24151975965 0.23092543909 0.246376584839 0.230714022723 0.240692795654 
0.239584784037 0.260318104122 0.25102350561 0.239871065659 0.226085819811 0.214544203857 0.214305635839 0.216551743277 0.225098778171 0.224536213445 0.225326761879 0.229879056072 0.2361093199 
0.241998891561 0.240270688896 0.249799834044 0.226739707255 0.231497450405 0.249790380499 0.221105742198 0.241340404297 0.230438361246 0.249504098876 0.22166289082 0.240692795654 0.229879056072 
0.22005472042 0.2560110247 0.244858584749 0.235266316916 0.234101831383 0.234101831383 0.24109683899 0.261437403222 0.250505449888 0.229879056072 0.239871065659 0.250505449888 0.249790380499 
0.24897810405 0.241524993652 0.249799834044 0.216125300726 0.225326761879 0.227370716861 0.226117310313 0.236535762452 0.236384575252 0.226944274309 0.236547015185 0.245739479292 0.245586036405 
0.240692795654 0.219065316491 0.246566443288 0.237362726448 0.226355037311 0.250617344495 0.251332413884 0.246913318315 0.249799834044 0.256354331282 0.261324423471 0.246566443288 0.259549308416 
0.250329088423 0.251850469606 0.251044157812 0.267280023183 0.256028686377 0.263570977169 0.256354331282 0.261561032959 0.256047397458 0.245263339221 0.264671792949 0.264671792949 0.260497459475 
0.254072241618 0.226316165808 0.260215035228 0.261324423471 0.264981931373 0.260502693477 0.250632032042 0.28030661771 0.260439452275 0.251332413884 0.251337647886 0.266438508014 0.254477620346 
0.265841340611 0.256353619258 0.265289240679 0.254072241618 0.260187321051 0.254170948954 0.270489469062 0.270750573456 0.280676542877 0.266700472367 0.2560110247 0.267585327354 0.274973940961 
0.255186035153 0.259155477519 0.249710412803 0.260979411286 0.260979411286 0.244379716956 0.269999975285 0.259612488278 0.250219168266 0.27996812807 0.254347824628 0.264276593012 0.271020223967 
0.259365591057 0.264671792949 0.272866121191 0.276100626405 0.250219168266 0.246195819412 0.275865329605 0.259977440876 0.254989921786 0.254787353134 0.261561032959 0.249397438271 0.250219168266 
0.250219168266 0.250219168266 0.271137077705 0.260502693477 0.276100626405 0.290853528858 0.263992952571 0.270827763795 0.240031452581 0.264303090995 0.27107836511 0.286860543498 0.251163937152 
0.265059596877 0.245043093651 0.254989921786 0.25102350561 0.254703640164 0.260856812047 0.2600318225 0.264334360874 0.274326370461 0.269999975285 0.280302123296 0.278517511983 0.270431461862 
0.270158678436 0.258970113637 0.276394161476 0.260192221101 0.27119957932 0.285862016668 0.286392490604 0.282279323345 0.271137077705 0.265994725992 0.270985642432 0.234662581751 0.240346938018 
