0.227252116162 0.231755447128 0.231935253283 0.237580138955 0.233153605928 0.25047929691 0.233463635641 0.241769174888 0.233872635207 0.232561729363 0.215759796963 0.220019535941 0.25230190812 
0.226299287369 0.221302308723 0.236286175141 0.203448275862 0.21362658951 0.223973878735 0.217904525002 0.227631506397 0.225628985989 0.229484542782 0.213562283659 0.217270729393 0.220657556912 
0.23291430541 0.218654191158 0.214890750297 0.228148224448 0.208136794933 0.23393739606 0.241769174888 0.20404003029 0.215431244342 0.201932015189 0.251804033997 0.230460100103 0.200044452143 
0.211774149852 0.217645478787 0.206749106344 0.206810554686 0.227252116162 0.223785284478 0.202797484053 0.210873426226 0.220126215851 0.221464806332 0.223444349186 0.240302234766 0.256106955024 
0.271113849618 0.258112245733 0.266908001589 0.251141101228 0.259911441672 0.264001457743 0.256828021265 0.272617026703 0.254460121606 0.243909531278 0.259148091049 0.254398766511 0.225628985989 
0.230625777992 0.221719981611 0.224816011294 0.226471118548 0.237684042207 0.231712433349 0.229747612828 0.247861494417 0.259698536716 0.254603777939 0.230086769785 0.237888694832 0.221719981611 
0.246017559067 0.243396509833 0.237405085587 0.239596883345 0.245988208979 0.250093388272 0.25143459001 0.250531519787 0.229261003944 0.132948192991 0.141811253584 0.133975247931 0.0900292230817 
0.239596883345 0.228012784318 0.237960384565 0.239596883345 0.238500984466 0.226891519134 0.242453518172 0.230748389641 0.220657556912 0.236937293916 0.237888694832 0.248927882327 0.226327616785 
0.231788563804 0.233765895562 0.250384743848 0.237888694832 0.23546719096 0.236792795953 0.237888694832 0.247491386064 0.246180094202 0.238875817104 0.241972149354 0.233463635641 0.247491386064 
0.250095845484 0.252597745752 0.258703576873 0.253846743585 0.250028451394 0.238583919475 0.201932015189 0.210873426226 0.223835739136 0.217467985476 0.201932015189 0.199944490698 0.186608888547 
0.169512797586 0.209719801012 0.234464538229 0.231788563804 0.242789543962 0.242536183012 0.229424407705 0.263101185545 0.247199488435 0.270391804281 0.285155656039 0.271805404964 0.276826948481 
0.242896567408 0.214430150097 0.188709677419 0.222750159571 0.201932015189 0.187308006279 0.223472103473 0.196761383619 0.18866355853 0.21160817494 0.203294833235 0.209786625361 0.199378499292 
0.195691781624 0.17124761296 0.192013901067 0.192923003822 0.194966125677 0.158785732452 0.108566056608 0.124309007116 0.141689054691 0.189153624084 0.248950969338 0.254959641942 0.254959641942 
0.268505206611 0.273895598285 0.279198143545 0.257991840873 0.275948217414 0.267578342098 0.268013077669 0.261913948783 0.271879417367 0.27545107462 0.265808792892 0.278679616966 0.275523570549 
0.257873178949 0.267779618433 0.301317628533 0.270147058457 0.276677761869 0.25447557694 0.252907489334 0.283521848267 0.289186193437 0.286134536727 0.285911905262 0.276698815202 0.308056053359 
0.311336785944 0.28972257936 0.289992528863 0.303443911607 0.302455604517 0.294966044376 0.291413054415 0.305940859446 0.287014436782 0.290916388975 0.28417337103 0.28852845371 0.282640399907 
0.278180938954 0.285627386631 0.276677761869 0.282814565383 0.278645082555 0.299229880339 0.290857181663 0.316869743685 0.302094378031 0.284597748426 0.302454891283 0.282814565383 0.302460833177 
0.297801762397 0.289220508233 0.280531610047 0.27715841878 0.264804455107 0.285375200536 0.272698957827 0.271772706828 0.255234962419 0.277625066201 0.265341159834 0.234763089508 0.263932462502 
0.268101256677 0.25176130822 0.280894050964 0.275132370869 0.273235662553 0.264227384297 0.272698957827 0.271195780741 0.265773064654 0.261625136795 0.224593014421 0.24098657805 0.240174820229 
0.240373924499 0.240953000745 0.237535399525 0.240302234766 0.256183765452 0.232540595196 0.240281226629 0.246059898712 0.231047883423 0.204834743541 0.246785743483 0.248550455832 0.272073225192 
0.26563475851 0.273155955726 0.267597465568 0.23005877894 0.260303706856 0.27803986714 0.239596883345 0.251113968814 0.268429168684 0.281232595663 0.272617026703 0.272617026703 0.264157997669 
0.251499490078 0.272617026703 0.258195359631 0.280815412786 0.256237743895 0.241831898779 0.267042593768 0.254772477987 0.238655609208 0.242715390938 0.260360155109 0.260290439738 0.265539416683 
0.254829457093 0.266524067189 0.259944155543 0.266524067189 0.263123607141 0.257210709125 0.261121550082 0.249888376844 0.234464538229 0.237753115263 0.249866652073 0.254054212225 0.256002266419 
