0.250188897974 0.245363817271 0.222112212987 0.257072305068 0.232907256552 0.207299414627 0.249639798737 0.212191339708 0.233229480212 0.228405441057 0.231202278745 0.241728877369 0.249237947785 
0.2678996109 0.230849064003 0.246556150973 0.236596966596 0.242072288669 0.249808958377 0.251130574313 0.241187814291 0.224931950911 0.2165092541 0.229488563693 0.241394358315 0.246019649801 
0.236866337979 0.237220988706 0.229843551856 0.233174836402 0.225501640546 0.24205435676 0.242003976194 0.242003976194 0.237470267969 0.253918475889 0.241413056128 0.25156550861 0.235894477819 
0.245543652334 0.224654640038 0.249639798737 0.253809973668 0.243523474898 0.248630373113 0.251247431148 0.229306694141 0.249727932443 0.249869211867 0.257572728506 0.270372364583 0.245054261193 
0.246500043289 0.255948637035 0.243201251239 0.237088269513 0.236321875988 0.267703427458 0.259930083271 0.249869211867 0.250009575422 0.236737330152 0.249891751375 0.245076162121 0.24992435495 
0.237752074279 0.245076162121 0.247792098934 0.220145208551 0.242581516427 0.249982100636 0.244539533835 0.266820662408 0.243215133992 0.247746385964 0.238827095637 0.249945660071 0.228108027501 
0.247485072916 0.245148935294 0.22802658499 0.241497632012 0.247111245052 0.243516459045 0.245432613151 0.236832351699 0.208815912918 0.231968028922 0.233071211393 0.257381218148 0.224976927829 
0.223296417943 0.228644892367 0.22491514967 0.215674308565 0.229680858093 0.227732402753 0.215996302067 0.220900166512 0.221160165315 0.240518935969 0.223428191601 0.245403660327 0.244880812197 
0.220732245201 0.262731601735 0.26682962718 0.26822513479 0.266911360953 0.254207109133 0.220799588876 0.233389775949 0.232899711631 0.249583668817 0.236932929336 0.233199303366 0.229702814399 
0.240820547199 0.214927801142 0.224424976628 0.237329530512 0.223974675022 0.207806521765 0.236832351699 0.219880102246 0.22906965633 0.233073011697 0.242162146022 0.237677190242 0.237434963901 
0.229349739257 0.232955300784 0.233042713685 0.241786399689 0.244947055299 0.206811971351 0.205572341982 0.215639580541 0.229332506653 0.208432212752 0.21679680558 0.228620727254 0.216708081466 
0.208518301164 0.238443392232 0.197787702369 0.199633172141 0.201342924936 0.198380092487 0.219081728591 0.224592360259 0.197787702369 0.218986823277 0.208945212991 0.219433429152 0.219202146253 
0.236813344535 0.254202727242 0.238022268604 0.241175197926 0.254207109133 0.241175197926 0.245408448038 0.26210454867 0.249127699147 0.246430936209 0.253834230275 0.254207109133 0.27464320248 
0.28454529377 0.233922812624 0.241596532062 0.268054141852 0.233318449645 0.22508428394 0.253678785575 0.240505423253 0.254107765271 0.249902932261 0.276885897735 0.241316822118 0.263047982873 
0.25839113496 0.292944322278 0.257208081659 0.253236874752 0.224756454674 0.242239998691 0.178289588998 0.165142197679 0.140736688579 0.229935243951 0.160551116222 0.130962282514 0.158574720178 
0.164621826534 0.193549502442 0.173057353309 0.17653904641 0.196496695821 0.202616683822 0.191480904446 0.17891110269 0.20479116577 0.208235530149 0.237924668514 0.229652800756 0.240961193519 
0.233450901978 0.24089072446 0.229957180088 0.220515685588 0.219558171902 0.241316822118 0.229231929017 0.235288313413 0.242284474912 0.234856366003 0.234394192555 0.23719546059 0.232579230685 
0.211850520223 0.212663238286 0.237081808884 0.21632951746 0.253840132123 0.207829833644 0.20752375075 0.204785192759 0.228697292682 0.215998398624 0.19823913865 0.219880102246 0.218154024674 
0.202616683822 0.182463268724 0.201573527661 0.219105427327 0.189664209393 0.203669813412 0.212575609793 0.203669813412 0.224470949941 0.220145208551 0.212663238286 0.2085347055 0.211547858938 
0.203193255331 0.234760081906 0.236068708504 0.196178579421 0.197478596589 0.216306205581 0.19161578314 0.202741317783 0.206517596244 0.19161578314 0.204725824263 0.185513198376 0.206334628952 
0.280504533574 0.212223693178 0.2351636388 0.219360230554 0.243473701567 0.209918964463 0.234374222452 0.219042528881 0.194560119583 0.2405739856 0.229445024862 0.23716170269 0.25606300517 
0.220687729379 0.222352043369 0.22623263487 0.217732952541 0.237109087445 0.267693268872 0.235387186322 0.231140012089 0.243082789564 0.227337939938 0.249456879036 0.251059672818 0.250558635861 
0.297730858698 0.297019000624 0.292089558768 0.276065087748 0.269501667195 0.290479243577 0.277540046069 0.302995838307 0.291873607209 0.276287176993 0.300978871367 0.309070490218 0.271842194831 
0.309250069782 0.310488555796 0.28760026978 0.303682416719 0.306789241954 0.30658504251 0.286910602462 0.298226552066 0.296926807616 0.290683032573 0.279381206836 0.283257016976 0.270321281321 
0.279030972335 0.279143795322 0.27312546665 0.259406943758 0.257734894374 0.26573960486 0.245211271044 0.258985402774 0.228648447079 0.262082055613 0.236220951939 0.246719718064 0.226819697599 
0.219387962884 0.229521128518 0.219406162808 0.216412687805 0.201118544006 0.209955530387 0.236597727906 0.204104900806 0.233225596796 0.215900269164 0.219773458099 0.224430153197 0.222030012406 
0.156295569083 0.12263913823 0.147689323114 0.139396773219 0.109202799145 0.129063698737 0.127665584365 0.158646049223 0.110261059784 0.125657554553 0.139626469936 0.150817238604 0.149809220839 
0.118388663682 0.139935693025 0.11277354059 0.119427340812 0.10847108015 0.128726209372 0.152851209821 0.11006084223 0.110991007366 0.0986250867043 0.11914749135 0.126682865307 0.128468348862 
0.212972213737 0.232078479596 0.225635019353 0.229220300434 0.224539502329 0.212262530895 0.228845100768 0.211701539344 0.216650088041 0.211173196647 0.174391539174 0.208834787069 0.179218327735 
0.181685082106 0.199269817514 0.201573527661 0.172269276785 0.202021941154 0.201789340338 0.20338921664 0.215459579775 0.171129057775 0.18275155318 0.181850298853 0.177753091857 0.175391047528 
0.147674632899 0.153767605974 0.200375358554 0.180054717761 0.176139922511 0.160541886972 0.204729954869 0.152073314834 0.168258608926 0.152207485661 0.168043691376 0.16719209767 0.164946252618 
