0.280453680596 0.264626618524 0.273879533652 0.265284202956 0.289049011292 0.283591393986 0.279600063223 0.284004973275 0.294379492259 0.270612385291 0.275029373691 0.283832581111 0.280740492413 
0.261453415914 0.264978371674 0.260013182399 0.254687251676 0.269621462924 0.274907140059 0.284515420584 0.289565971332 0.264978371674 0.264978371674 0.264978371674 0.280508315257 0.264978371674 
0.245557436914 0.250149975217 0.265298859533 0.264411646352 0.264411646352 0.27492991643 0.266004475377 0.270612385291 0.24025484727 0.251738024937 0.246352642522 0.275612755902 0.255370091149 
0.284771211734 0.297867925167 0.284870668995 0.279207715987 0.27492991643 0.295169397955 0.295062331732 0.294379492259 0.283832581111 0.289049011292 0.283405561712 0.275612755902 0.293738573125 
0.274608577824 0.295062331732 0.284748435363 0.26995480086 0.279090480321 0.26995480086 0.275612755902 0.289625076953 0.284748435363 0.275612755902 0.259996269889 0.274224300586 0.269249185016 
0.274224300586 0.27492991643 0.271842594243 0.29156853481 0.264411646352 0.255007739535 0.275712718036 0.279173722753 0.275007102192 0.265411225669 0.275589979531 0.279957690807 0.265094485825 
0.274778481156 0.269752535211 0.279783781649 0.261258865266 0.24522980831 0.255987447434 0.271808727649 0.24685829882 0.256709876865 0.265878615438 0.265853040103 0.274070066349 0.275612755902 
0.24559376732 0.256357125714 0.235742189275 0.234917199728 0.235742189275 0.2453504698 0.261334596672 0.251838682282 0.246145675408 0.236281020837 0.235487571298 0.228705511169 0.237332600491 
0.250037738918 0.255561920105 0.261916449697 0.265321635904 0.254830206904 0.242321503844 0.246970664955 0.260660202348 0.261668694952 0.261916449697 0.285095176488 0.276169735436 0.273409614934 
0.26631815739 0.276169735436 0.256027037392 0.246175459347 0.275050533356 0.275486895963 0.270511780393 0.270345676108 0.25550898167 0.265878615438 0.276169735436 0.260499620084 0.274608577824 
0.269249185016 0.302049538253 0.308719287385 0.302068159164 0.320807436056 0.317299755426 0.323969504558 0.314427257999 0.313809115236 0.313829068089 0.313829068089 0.30752507896 0.302644224825 
0.320783457947 0.330853298126 0.302625603914 0.307754005529 0.314427257999 0.303763283857 0.323328835436 0.313468303606 0.323328835436 0.314441717628 0.332747974236 0.318003753554 0.333598415452 
0.29120034941 0.285796484858 0.284553661932 0.296518004541 0.311220328599 0.317023797606 0.277808835735 0.27582218888 0.286550433736 0.293820679567 0.303240526492 0.297689134796 0.294553661932 
0.294553661932 0.307666747168 0.264760186189 0.31389367052 0.288677869811 0.283497122247 0.275469670358 0.313298983948 0.299600238543 0.299027303696 0.297695113421 0.31389367052 0.333994121889 
0.302120392864 0.290599608618 0.303901660932 0.284965950548 0.314484100098 0.309387375645 0.300234766736 0.298415434012 0.324450898583 0.309387375645 0.297910196239 0.314458888996 0.29007836898 
0.302625630636 0.321991245495 0.346727187301 0.342333209405 0.345561363144 0.326387238423 0.335974300784 0.320853105774 0.330094408053 0.336954035699 0.350270689726 0.328871979887 0.324665927698 
0.329579858983 0.346094285353 0.32913581744 0.339131867982 0.342832944677 0.312470071277 0.311964833504 0.328319892368 0.328311822407 0.352973078309 0.339233789157 0.33976476993 0.333881180677 
0.3565587374 0.33976476993 0.346093416803 0.337506123218 0.339255081153 0.355148425505 0.339764989336 0.356629043708 0.346645504322 0.32095502695 0.318300347537 0.33976476993 0.327814654595 
0.288606587722 0.279667093354 0.309663159833 0.294441830295 0.320809210266 0.330630763999 0.320853105774 0.321358343547 0.329645506218 0.336641346092 0.343325522234 0.338134475192 0.33966090732 
0.329645506218 0.336623778181 0.346501877922 0.31136674401 0.309630153837 0.303518261373 0.303512158465 0.31531836966 0.309624776291 0.294960835293 0.273409723749 0.280400085954 0.274639945735 
0.297937572995 0.314100905998 0.316432787637 0.306258974532 0.335973080204 0.342556700615 0.33356650717 0.330214200916 0.313431717491 0.308429295944 0.317776853982 0.336733401468 0.318903827102 
0.308429295944 0.285641961759 0.308383586797 0.307808701197 0.316979200474 0.308414836315 0.316432787637 0.326268017202 0.301637442373 0.308576602285 0.314077180166 0.308429295944 0.31531836966 
0.317499927917 0.314132556437 0.314721500745 0.303977711519 0.275871173201 0.27537793497 0.30469060942 0.303977711519 0.31531836966 0.302974640059 0.307808701197 0.332707697612 0.297955398248 
0.284086893257 0.279736556105 0.29440385576 0.314100905998 0.305134438384 0.314721500745 0.305134438384 0.308414836315 0.308429295944 0.313480311251 0.290042726346 0.325218015217 0.314158464612 
0.321970251453 0.280967526904 0.319369512804 0.299916325344 0.294576251305 0.301144204141 0.320543695973 0.320677695308 0.31157216067 0.289936280856 0.295962190872 0.29443380574 0.293700823376 
0.281597494001 0.29443380574 0.29443380574 0.304252713386 0.286962722352 0.301683437969 0.29040535851 0.284280976451 0.301607985588 0.311238742223 0.31202864264 0.326649640859 0.294553661932 
0.297689134796 0.324852905205 0.317553297779 0.340437693916 0.311238742223 0.312091074147 0.322498710325 0.324852905205 0.322300821488 0.309868251932 0.322158877065 0.31389367052 0.313112679887 
0.329200964997 0.364203336706 0.353533318615 0.339725366509 0.341356816906 0.340898646568 0.322300821488 0.315269087205 0.333284886034 0.342005745209 0.362167453985 0.350795068807 0.360529475716 
0.345141390574 0.320543695973 0.314910083308 0.315269087205 0.319977764272 0.341816657409 0.330358449254 0.321869602347 0.32107970193 0.330493161813 0.339150430838 0.319762705341 0.339608601175 
0.320758754904 0.320112476832 0.331599288144 0.310136059795 0.314859269639 0.306389506044 0.297910196239 0.314478864166 0.310644621639 0.307179579362 0.326244075227 0.320758754904 0.344649008367 
0.323522715656 0.320112476832 0.31883261587 0.322300821488 0.330493161813 0.32251588042 0.330951332151 0.330951332151 0.339979523578 0.29120034941 0.341547574872 0.323885680107 0.31351196169 
0.311075840781 0.340437693916 0.311175095576 0.328678738419 0.324859549148 0.332250287329 0.339076676998 0.320112476832 0.322998323455 0.314478864166 0.329527539745 0.307878349025 0.307878349025 
0.361414621618 0.342934629025 0.316275922442 0.318351739583 0.318351739583 0.332821953994 0.333372041872 0.33296647624 0.341085649909 0.304784377878 0.294576251305 0.306003590797 0.31351196169 
0.319019184076 0.322321307795 0.306649868869 0.307305414178 0.279453978813 0.294576251305 0.308498943772 0.298756797582 0.307878349025 0.275261276777 0.314077180166 0.307878349025 0.308383586797 
0.294576251305 0.313480311251 0.28963524614 0.307878349025 0.307808701197 0.31525707956 0.314411060852 0.333243159564 0.333257122565 0.336005635418 0.342382540668 0.343026050942 0.333903400638 
0.352811883998 0.346484310011 0.318345015973 0.356527206785 0.342382540668 0.354093932009 0.342382540668 0.343784589429 0.333243159564 0.327012617648 0.31674742663 0.313767550578 0.315125142239 
0.326985882914 0.309064935361 0.322998323455 0.336125264018 0.32752223886 0.313767550578 0.294976627742 0.320677695308 0.279736556105 0.30973179185 0.31206058403 0.300263936658 0.29279285327 
0.322441269012 0.312401747155 0.303173538252 0.290796081465 0.323162164744 0.285743578819 0.280415396484 0.280415396484 0.304252223711 0.309019210076 0.291533814033 0.29077273525 0.280415396484 
0.290796081465 0.299230977888 0.343138311356 0.307878349025 0.310082206212 0.327965774846 0.329598838596 0.330493161813 0.326985882914 0.324859549148 0.307248198617 0.325319762143 0.333815632973 
0.329992486878 0.336795022699 0.32044047788 0.33624511649 0.307248198617 0.326145103588 0.30786634138 0.336795022699 0.326145103588 0.30786634138 0.33624511649 0.317005722484 0.336795022699 
0.313499954045 0.308498943772 0.323710473611 0.321405032977 0.312881811282 0.313499954045 0.315771420312 0.321405032977 0.320677695308 0.320688183791 0.320112476832 0.31351196169 0.320112476832 
0.314683315284 0.314683315284 0.285751505927 0.290028266717 0.275189841657 0.26707756038 0.265602779296 0.275162758394 0.275162758394 0.275871173201 0.275162758394 0.265194605609 0.275135675132 
0.284422496373 0.275135675132 0.274454343588 0.275135675132 0.285341091119 0.275135675132 0.275135675132 0.275135675132 0.270586841922 0.275135675132 0.261055496533 0.265660730766 0.275135675132 
0.256796667666 0.275135675132 0.265167522346 0.280911125881 0.274788338814 0.264461785824 0.275135675132 0.275135675132 0.275135675132 0.26101609129 0.275135675132 0.272173914082 0.274639945735 
0.271240041769 0.314697774913 0.314086446369 0.31531836966 0.31531836966 0.273902961981 0.303965703874 0.314065172521 0.314721500745 0.31531836966 0.304052469494 0.31531836966 0.313480311251 
0.293074162626 0.30797973337 0.294252420487 0.268628330575 0.269119077641 0.308989721915 0.303627008302 0.290663321093 0.296313170197 0.299897281782 0.314721500745 0.308989721915 0.279579636798 
0.296313170197 0.291319558474 0.302883008916 0.299851572636 0.283980922183 0.283921553718 0.288293202362 0.298114074564 0.278706140001 0.276552504745 0.285103827917 0.276552504745 0.276552504745 
0.276889890873 0.275871173201 0.276552504745 0.274454343588 0.275844089939 0.276889890873 0.276056775348 0.283847109581 0.295071980702 0.314077180166 0.309049890691 0.3017112544 0.308429295944 
0.314077180166 0.314697774913 0.308429295944 0.288351085155 0.30389324889 0.269485826028 0.268493548385 0.294140874595 0.303512158465 0.275135675132 0.307808701197 0.294606427649 0.30389324889 
0.285498124944 0.30484201998 0.269309662119 0.284422496373 0.284188262901 0.284361186347 0.274454343588 0.283956943319 0.302921392458 0.275135675132 0.274454343588 0.280911125881 0.288293202362 
0.313447029758 0.314683315284 0.308576602285 0.313447029758 0.304574580434 0.304574580434 0.332707697612 0.305195175181 0.324000551555 0.314697774913 0.324621146302 0.314086446369 0.305832314389 
0.321970251453 0.325218015217 0.324069058783 0.302308123316 0.290016949057 0.314077180166 0.312881811282 0.307808701197 0.314077180166 0.285228693267 0.285103827917 0.279453978813 0.294390649158 
0.30389324889 0.299815930002 0.295011243905 0.288765894218 0.293418792726 0.298574740507 0.294009558733 0.308429295944 0.294329912361 0.279004702236 0.279705744016 0.274454343588 0.279387471546 
0.307808701197 0.29376049875 0.283831730366 0.274454343588 0.269119077641 0.314077180166 0.313447029758 0.294015661641 0.29802594188 0.273902961981 0.278743290711 0.302921392458 0.303512158465 
0.303977711519 0.303977711519 0.313480311251 0.304109027381 0.294036935489 0.275871173201 0.295631838652 0.280782988367 0.270902655641 0.275871173201 0.285070174383 0.280782988367 0.303977711519 
