0.257790029976 0.252875125178 0.244565217391 0.249871067526 0.238519152297 0.252065705044 0.233809204429 0.238519152297 0.240886807127 0.249871067526 0.251947333083 0.239644374042 0.250995128651 
0.228279577057 0.255816003123 0.251934641879 0.238519152297 0.227155515933 0.239644374042 0.250810580754 0.284878047577 0.354662260594 0.35308154678 0.360475481419 0.377454325701 0.379104442218 
0.389716841512 0.358716012032 0.356201034095 0.368114276635 0.35636581918 0.352616116801 0.390422524878 0.347848990863 0.357070388141 0.347846446814 0.368712335291 0.378876245005 0.345291981831 
0.364343838049 0.376136942528 0.368231074457 0.383970066834 0.375508215135 0.372813578832 0.364343838049 0.364343838049 0.372294372294 0.36396803203 0.37207877948 0.38457862864 0.381261520099 
0.345238095238 0.356738620616 0.337296123523 0.333333333333 0.34055745689 0.345049451526 0.345049451526 0.32938135867 0.340733273899 0.348823855762 0.34055745689 0.336932568409 0.34643274581 
0.356738620616 0.356940738879 0.360754918921 0.350374688338 0.369788782718 0.344847333262 0.357142857143 0.325757575758 0.337662337662 0.369690588557 0.350338918946 0.345238095238 0.352096910263 
0.340909090909 0.354317885133 0.353511129357 0.364863044586 0.352980201685 0.353511859088 0.353709692614 0.364343838049 0.352272727273 0.329545454545 0.352096910263 0.352096910263 0.329545454545 
0.228162365718 0.227809435542 0.234733556449 0.239161350771 0.245500782679 0.234733556449 0.268506029001 0.240180686057 0.243756915898 0.267027143648 0.27905908461 0.249865254491 0.249865254491 
0.261770016396 0.249871067526 0.243783941065 0.274483762169 0.262785791275 0.250894503921 0.244588744589 0.239003216567 0.239003216567 0.279080125613 0.262175187189 0.27338547874 0.27338547874 
0.237825747077 0.268550668803 0.258256406431 0.280206047439 0.284090909091 0.249742135053 0.280804160892 0.267706968777 0.279080125613 0.256808716697 0.267728210383 0.255823448479 0.262162495984 
0.263420891773 0.262921871027 0.273647829199 0.262935345578 0.25181604425 0.280019638841 0.286056050017 0.250637240517 0.268354167442 0.251878656951 0.243912873539 0.245090343028 0.233690832469 
0.228700077577 0.240316765809 0.225934459723 0.222477595232 0.227111929213 0.239137962076 0.221786070564 0.268713478601 0.245833674281 0.281008047872 0.279999567909 0.268108280555 0.280065393831 
0.314808004678 0.319632066853 0.319631233858 0.318975396736 0.319137009007 0.305747692252 0.310957098182 0.342246774356 0.318824478082 0.318975396736 0.341407443223 0.340053194734 0.320439655624 
0.318017722306 0.319467137982 0.320438822629 0.327095011714 0.319467137982 0.32725910759 0.318825311077 0.337879109233 0.310692737729 0.319632899849 0.318017722306 0.338622743954 0.317853626431 
0.318824478082 0.31405292094 0.318660382206 0.31405292094 0.295956551747 0.317853626431 0.319467137982 0.318660382206 0.318660382206 0.296896064975 0.296108926489 0.318168640961 0.311272112712 
0.326491715435 0.298441506038 0.302161633586 0.302606414492 0.318168640961 0.318660382206 0.326249923942 0.28473739397 0.285676907198 0.272445965512 0.274465645576 0.295956551747 0.318660382206 
0.352716127895 0.381261520099 0.356940738879 0.297457353008 0.290422720974 0.297443878457 0.279376134926 0.279417451748 0.279417451748 0.274044359654 0.286537859321 0.286537859321 0.285070781799 
0.274633097417 0.279597382849 0.24985177994 0.244471533249 0.280019638841 0.262592474815 0.280019638841 0.250810580754 0.240453794175 0.262348204501 0.27258661912 0.286536744133 0.245226422781 
0.296108926489 0.296108926489 0.273381653761 0.283797880742 0.285697357483 0.283950255483 0.273526132348 0.283938534349 0.27258661912 0.283484223683 0.296097205355 0.274466615647 0.296109759484 
0.291254499262 0.27846684381 0.283866427144 0.325568932045 0.284889768711 0.307460841718 0.314898008712 0.290921741719 0.291254499262 0.28004323764 0.303615112643 0.284467512719 0.290921741719 
0.301037916817 0.289229207316 0.300546175571 0.306969100473 0.279406357038 0.308412076081 0.308412076081 0.273526132348 0.306969100473 0.284467512719 0.297192918303 0.284889768711 0.284315137978 
0.273103876356 0.291254499262 0.284889768711 0.301786357337 0.296253405075 0.307472562852 0.302285378083 0.296253405075 0.291406874004 0.279558105356 0.284889768711 0.313643184826 0.302285378083 
0.376057209507 0.375072354011 0.375430417657 0.389161982712 0.37491121112 0.377623455365 0.386704315599 0.375072354011 0.387409124737 0.378328024326 0.370746475607 0.370144463236 0.369897331275 
0.360066897293 0.362939625561 0.38571752456 0.370571501881 0.369281105704 0.37768031519 0.369957820359 0.367939953358 0.343820571114 0.378502429847 0.369360864644 0.369286789828 0.368610075173 
0.369281105704 0.369883118075 0.369883118075 0.369782776126 0.359110751646 0.358511002487 0.369865032243 0.370646133659 0.369883118075 0.358923470057 0.380587308598 0.369957820359 0.359786827589 
0.369281105704 0.380724338312 0.370146726448 0.369115731009 0.369970057715 0.369265283085 0.370029178616 0.359274898019 0.369429429458 0.370705893272 0.370746475607 0.359992195009 0.359992195009 
0.358716012032 0.369370308556 0.370746475607 0.369957820359 0.379985296227 0.380587308598 0.369544714077 0.38143080795 0.39158533939 0.369281105704 0.369544714077 0.370144463236 0.391583644382 
0.391768309051 0.388384505713 0.388384505713 0.400455616489 0.389307559927 0.399748142076 0.380155193177 0.380662010882 0.398265275697 0.359390182638 0.379985296227 0.359390182638 0.362475467129 
0.337017744769 0.359274898019 0.337113146322 0.356425755761 0.347846446814 0.344922883109 0.349197332076 0.345692455268 0.355564047011 0.368418768694 0.355751585154 0.352376977819 0.372252251522 
0.375430417657 0.356136507562 0.35867514886 0.374637016594 0.347846446814 0.3665802872 0.367789392124 0.375587255798 0.364301717277 0.356944962298 0.367115221518 0.355751585154 0.379173049292 
0.359110751646 0.356425755761 0.348520617421 0.359274898019 0.356425755761 0.366316678826 0.373929542181 0.367887510771 0.357133230173 0.374723672976 0.356270791692 0.373742004038 0.377570683714 
0.386274847483 0.378309691759 0.370144463236 0.366505865752 0.36947029263 0.359274898019 0.359274898019 0.378309691759 0.366505865752 0.359274898019 0.370144463236 0.367180036358 0.378543672722 
0.367024153239 0.347846446814 0.368951584636 0.368496866537 0.366505865752 0.367024153239 0.374637016594 0.349032546992 0.358247394113 0.357740509956 0.358411540486 0.373929542181 0.365860257468 
0.375430417657 0.378245263924 0.375618685532 0.386075588206 0.385093919267 0.38894042362 0.357814584772 0.355751585154 0.359110751646 0.359786827589 0.386702380056 0.377042309498 0.368684149989 
