0.308414836315 0.314086446369 0.304903627036 0.292186724682 0.304833437103 0.294267094407 0.300182945404 0.289625076953 0.289276059722 0.285341653354 0.294689211393 0.30545403185 0.284785131816 
0.321373382538 0.341800768252 0.308719287385 0.308414836315 0.318949536248 0.315289374367 0.314427257999 0.271169364825 0.245074633659 0.259737346258 0.273773012043 0.260771793262 0.261359470164 
0.282386591015 0.280186971413 0.281705259471 0.281705259471 0.281705259471 0.280967526904 0.261776683522 0.290663321093 0.314124631829 0.304245151065 0.304220787563 0.314511907561 0.323076639814 
0.317908610833 0.311833548274 0.326819296282 0.313468303606 0.313489577453 0.313489577453 0.302914659356 0.308719287385 0.318275368145 0.308414836315 0.313489577453 0.307839950715 0.308719287385 
0.303209443301 0.301863234193 0.302049538253 0.283358517585 0.286828745219 0.323946978199 0.301764888155 0.307839950715 0.318275368145 0.308414836315 0.314086446369 0.308414836315 0.314086446369 
0.307839950715 0.301764888155 0.314086446369 0.301764888155 0.302339773755 0.308011383809 0.304245151065 0.302339773755 0.301745087183 0.308011383809 0.308414836315 0.308414836315 0.299148426611 
0.28104969755 0.30011307905 0.270612385291 0.280189671439 0.269858738036 0.288097173495 0.27816840511 0.288672059096 0.298600827481 0.268525300347 0.275917514158 0.269485826028 0.288687939503 
0.270850478216 0.27448142685 0.275162758394 0.270194240835 0.270005740163 0.284861049223 0.280967526904 0.279912582922 0.278792669173 0.266139489796 0.281053312297 0.266903715747 0.284893074796 
0.290587133103 0.265693459984 0.286274852924 0.286274852924 0.265961516218 0.280510772833 0.27982793336 0.281480843772 0.257397913087 0.285962313394 0.298230086731 0.329016416706 0.326307872093 
0.32733072047 0.33029379782 0.342524234005 0.329719171298 0.3371912523 0.34022838144 0.336168403924 0.329719171298 0.308719287385 0.316006223554 0.31257060364 0.318579819215 0.318484676494 
0.308719287385 0.307796693552 0.3371912523 0.308414836315 0.336335009584 0.317908610833 0.328345208325 0.327509328835 0.351342969944 0.320997344982 0.327256668681 0.30545403185 0.308719287385 
0.314124631829 0.309049890691 0.295338568287 0.313489577453 0.307839950715 0.313489577453 0.304235247192 0.307839950715 0.304818977474 0.320997344982 0.311389064457 0.315062312375 0.320776513622 
0.302984502037 0.302644224825 0.298848229494 0.29695635186 0.286136890679 0.275486895963 0.260550450459 0.26656145491 0.261172022438 0.264361256391 0.287611870818 0.295301646924 0.270158678436 
0.260161433151 0.269307170954 0.279600063223 0.284538196955 0.283832581111 0.304583789739 0.305561035486 0.314555825354 0.323854029668 0.327279727771 0.318269637156 0.298561447546 0.324367158288 
0.276169735436 0.275486895963 0.276144160102 0.275486895963 0.275486895963 0.276169735436 0.276169735436 0.275486895963 0.264554138995 0.27239554118 0.265170200631 0.265170200631 0.26656145491 
0.265853040103 0.25466169602 0.249821093809 0.241309301481 0.256024359108 0.241309301481 0.249718272623 0.259055054499 0.240730719628 0.2445987613 0.244874597442 0.266482941141 0.235266316916 
0.259866870011 0.242590896763 0.246828514881 0.252513253705 0.25424211507 0.249874312247 0.241795691155 0.255318622586 0.250329492392 0.246175459347 0.231001932142 0.260142146626 0.269249185016 
0.23736238443 0.248009168083 0.260394840215 0.251407287221 0.250698872414 0.261258865266 0.250698872414 0.265170200631 0.251407287221 0.261258865266 0.251407287221 0.261258865266 0.261258865266 
0.250582297674 0.256027037392 0.236061522524 0.255007553655 0.256709876865 0.25516571744 0.259109060011 0.240730719628 0.266673821046 0.247653504428 0.276169735436 0.265878615438 0.279957690807 
0.265853040103 0.264461785824 0.261419648989 0.265144625297 0.265853040103 0.261316245128 0.261316245128 0.26120803489 0.26120803489 0.265853040103 0.255561920105 0.260550450459 0.235742189275 
0.265965406239 0.274778481156 0.246491533044 0.245442822971 0.2453504698 0.269803365586 0.265609742584 0.275486895963 0.265878615438 0.242154098728 0.23051479148 0.23993493529 0.241779964482 
0.246921960877 0.262072329239 0.241496514297 0.237332600491 0.255007553655 0.256027037392 0.261258865266 0.290640374657 0.276345866663 0.281266089138 0.279683698312 0.285069601154 0.276144160102 
0.268934444421 0.275608134096 0.276374732767 0.275999009344 0.26656145491 0.270612385291 0.241076577264 0.284538196955 0.275871173201 0.314721500745 0.324035538525 0.304583846637 0.324035538525 
0.323055365966 0.324035538525 0.313809115236 0.314427257999 0.313829068089 0.317001577254 0.323437348614 0.30752507896 0.360678254102 0.343489878559 0.347212978442 0.347395063604 0.353446727382 
0.315062312375 0.318374650648 0.317961676452 0.308475005091 0.319253987318 0.322371335061 0.314427257999 0.334428226299 0.319155884876 0.31502544791 0.313809115236 0.314427257999 0.327334220179 
0.336129921904 0.333515115124 0.313190972473 0.320996634797 0.33714012494 0.343055214778 0.317073911404 0.336679828112 0.308414836315 0.317030654241 0.317700482545 0.324363768022 0.313821122881 
0.299815930002 0.316006223554 0.311389064457 0.314713308706 0.303539535221 0.330243595712 0.310411368294 0.317648797004 0.304818977474 0.314683315284 0.314683315284 0.311084152051 0.296918623646 
0.320727104465 0.308429295944 0.321714194168 0.321714194168 0.313222932971 0.313821122881 0.294036641996 0.315701772484 0.321373382538 0.321373382538 0.314721500745 0.314721500745 0.314086446369 
0.280583249666 0.27140975893 0.267593831507 0.27097496914 0.271715281654 0.272832246332 0.277500521199 0.272057714923 0.290378672141 0.270530440899 0.28028619536 0.280583249666 0.250316894363 
0.262424610154 0.260206917144 0.249200030468 0.250674811552 0.259856551591 0.261334596672 0.256857313354 0.241847568353 0.25551388172 0.247865841181 0.242462695501 0.24761286615 0.23520348135 
0.255590752376 0.290570762302 0.255606234891 0.276342679056 0.260206917144 0.271354201251 0.290570762302 0.265299270315 0.261038918244 0.292628529446 0.277274179725 0.286446554423 0.266160632619 
0.261038918244 0.256614358746 0.25066064327 0.291168952213 0.294714461945 0.306762498664 0.317050278651 0.296948778249 0.289831114372 0.327042288238 0.311294342722 0.298665880308 0.294714461945 
0.294218812536 0.284695181573 0.29424468957 0.284012342101 0.284012342101 0.309442763131 0.290191530191 0.30427495772 0.304359420349 0.290874369664 0.290191530191 0.310687231114 0.314441717628 
0.308157681352 0.307233815596 0.275797011305 0.295807864142 0.291655281759 0.271359399446 0.271337647205 0.25066064327 0.274404061575 0.26068663733 0.280962481777 0.264810328371 0.260808036518 
0.280583249666 0.301218493245 0.280962481777 0.310494987069 0.314226721818 0.312883442335 0.299897281782 0.309739021132 0.316006223554 0.315446991747 0.32407240299 0.314464122465 0.304311737539 
0.279764695521 0.304583789739 0.294703457013 0.299525360972 0.279056280714 0.285778015961 0.280340761182 0.324961957933 0.300101426633 0.300101426633 0.300101426633 0.295573699124 0.300101426633 
0.305218901013 0.314464122465 0.30485584194 0.303614652445 0.313222932971 0.30485584194 0.30485584194 0.295336541963 0.311507723733 0.285095176488 0.284386761681 0.270460950018 0.275162758394 
0.281705259471 0.264810328371 0.265170200631 0.245074633659 0.259842035652 0.255202047845 0.249983634756 0.270194240835 0.260550450459 0.251107402821 0.255783739872 0.246189853727 0.240484311934 
0.270850478216 0.265687814029 0.256680092926 0.245074633659 0.254926211704 0.275162758394 0.27448142685 0.26489436449 0.269905510378 0.270699132999 0.260594284159 0.27097496914 0.281320982233 
0.212272438845 0.20289684309 0.216763141406 0.193197720769 0.221373817286 0.226479766385 0.226958898296 0.221671703809 0.221373817286 0.242381055203 0.231936444074 0.249797833791 0.233068588716 
0.280682706927 0.250334998365 0.280682706927 0.2670128034 0.274778481156 0.270476915298 0.260550450459 0.260492797233 0.265170200631 0.265853040103 0.265170200631 0.265170200631 0.269621462924 
0.24072671784 0.256027037392 0.261258865266 0.26656145491 0.255641589798 0.272453014221 0.260626118363 0.275461320629 0.252640340997 0.281948928611 0.275435745295 0.281266089138 0.261316245128 
0.277003451095 0.282003821706 0.280422279952 0.281320982233 0.250808624303 0.288460631115 0.288460631115 0.265878615438 0.279207715987 0.251655026167 0.270902655641 0.275486895963 0.270902655641 
0.295573699124 0.285095176488 0.295247561414 0.314464122465 0.30485584194 0.279764695521 0.306177242765 0.300182945404 0.300182945404 0.298890306596 0.298904766225 0.298904766225 0.298904766225 
0.314464122465 0.298890306596 0.315062312375 0.289706595723 0.314464122465 0.314721500745 0.309354341761 0.294703457013 0.299525360972 0.324670592901 0.300182945404 0.289036696776 0.318607256888 
0.266576984203 0.282479333634 0.259856551591 0.275686906252 0.29594746612 0.270202564684 0.267472117132 0.270554845599 0.270237236573 0.270237236573 0.27097496914 0.261019185097 0.286800595465 
0.265170200631 0.240635194089 0.275963446945 0.264845029396 0.262424610154 0.260594284159 0.241462158086 0.271061696439 0.241137611826 0.236030445346 0.245905601195 0.262957099831 0.231766060572 
0.255238045579 0.245905601195 0.245638725872 0.251338284548 0.250248271066 0.246444432758 0.246132598883 0.250986003633 0.236569276909 0.285402428419 0.280583249666 0.280967526904 0.290191530191 
0.280378272428 0.31145963557 0.286554949015 0.306107030353 0.284721058607 0.274070066349 0.290909041553 0.275797011305 0.275486895963 0.27582428209 0.275797011305 0.275189841657 0.277117889385 
0.27097496914 0.298144999481 0.30545403185 0.299525360972 0.30485584194 0.30545403185 0.305538681412 0.300572215173 0.309442763131 0.29364649966 0.303977711519 0.302612574385 0.298284171478 
0.314100905998 0.321116004258 0.309049890691 0.314464122465 0.340351800635 0.343555766701 0.347253641772 0.314124631829 0.302904992231 0.314441717628 0.346491696413 0.337278394822 0.308113152266 
0.305218901013 0.285373772933 0.279764695521 0.315062312375 0.29603036302 0.286050068161 0.269416131947 0.276169735436 0.259830577515 0.275189841657 0.291612102231 0.270902655641 0.281705259471 
0.280583249666 0.271770174748 0.263694832398 0.240730719628 0.257102303841 0.260715683347 0.244874597442 0.255318622586 0.269803365586 0.259996269889 0.266355218968 0.24936188566 0.280229794337 
0.274454343588 0.26909495078 0.27024641826 0.275461320629 0.271169364825 0.27024641826 0.2634943227 0.276736741912 0.268829588647 0.269752535211 0.269752535211 0.281266089138 0.279005450339 
0.265170200631 0.275461320629 0.285693366399 0.278454068732 0.274752905822 0.265170200631 0.269752535211 0.274454343588 0.274454343588 0.275162758394 0.274454343588 0.279453978813 0.280341282744 
0.28900693419 0.283725155178 0.28016239362 0.273902961981 0.290302612678 0.298941755909 0.295037753939 0.285437114884 0.281951006348 0.281266089138 0.270202564684 0.274697205341 0.270304302397 
0.269752535211 0.269803365586 0.270460950018 0.283678346875 0.284776904018 0.270902655641 0.280422279952 0.290874369664 0.311507723733 0.301473472592 0.317908610833 0.346028935754 0.355723445968 
0.343599705089 0.341114764242 0.339205533063 0.351103473283 0.376672218527 0.349773596947 0.374750011561 0.357938875795 0.347051784131 0.346028935754 0.356655450662 0.352545960146 0.339205533063 
0.323598354384 0.317042661886 0.309354341761 0.344112485017 0.321373382538 0.337696225894 0.321373382538 0.321714194168 0.308475005091 0.326758154518 0.336593453756 0.320677695308 0.315062312375 
0.298860237139 0.308113152266 0.284722452358 0.290789720101 0.285908670942 0.276644950639 0.285158217836 0.278923931568 0.294960464543 0.299480831886 0.312142475043 0.295161586069 0.290513953845 
0.270086530437 0.270086530437 0.278923931568 0.271118534449 0.275905302709 0.284092190363 0.270796640695 0.269428946006 0.270796640695 0.275797011305 0.27730253507 0.276174264033 0.289512679101 
0.285518633655 0.304979260499 0.285069601154 0.285518633655 0.304979260499 0.270902655641 0.285518633655 0.276265718527 0.290051987534 0.281266089138 0.285807855634 0.285232970034 0.279257926794 
0.266894898892 0.267392035511 0.281645321249 0.282028090559 0.271920524544 0.267778598069 0.26120803489 0.276265718527 0.276923302959 0.276923302959 0.275261276777 0.279720687996 0.286312938887 
0.281288442629 0.284721058607 0.290429304283 0.285518633655 0.285518633655 0.287350423078 0.279713865145 0.270410119643 0.276378241455 0.284780901088 0.286094699316 0.286832431883 0.286094699316 
0.276655246725 0.275999009344 0.276378241455 0.275638593525 0.289045791531 0.276655246725 0.270460950018 0.291014747263 0.296668924813 0.270194240835 0.270586841922 0.291472559574 0.282686661178 
0.270550218727 0.270194240835 0.275461320629 0.274752905822 0.275486895963 0.285693366399 0.276169735436 0.275871173201 0.276169735436 0.275162758394 0.285373772933 0.275844089939 0.281648858448 
0.270194240835 0.270194240835 0.270902655641 0.274107007269 0.264831891625 0.28028619536 0.270194240835 0.264114997682 0.255176472511 0.263804859258 0.269464832117 0.263804859258 0.269464832117 
0.266284110841 0.266590209591 0.265286775371 0.274895055896 0.256001462058 0.254493633039 0.294390649158 0.279660636501 0.273902961981 0.278926063402 0.268934444421 0.268934444421 0.270194240835 
0.319253987318 0.308414836315 0.32428778983 0.323689599919 0.33353404056 0.313583261035 0.312130586589 0.327832734342 0.33353404056 0.328020753023 0.328020753023 0.337203839049 0.318275368145 
0.299241044401 0.321373382538 0.295338568287 0.308414836315 0.299547891027 0.327445867423 0.317585335592 0.318579819215 0.308989721915 0.319905268003 0.311510273033 0.308719287385 0.309049890691 
0.323946978199 0.337313332884 0.35379961883 0.303355596132 0.316672325307 0.318081305052 0.327509328835 0.328297094287 0.328274296205 0.304332982426 0.327745006768 0.317776853982 0.318081305052 
0.323255268947 0.317585335592 0.336061685349 0.345888445985 0.336129921904 0.333591496829 0.32740261026 0.318850253746 0.308143221723 0.330278214095 0.327745006768 0.321189830191 0.328319892368 
0.330461511374 0.322931863439 0.334065021333 0.314721500745 0.314086446369 0.334520791859 0.335117660775 0.309624776291 0.319155884876 0.319524421849 0.327010814672 0.327745006768 0.318850253746 
