0.256122253583 0.244565217391 0.278038945556 0.255305850135 0.27766798419 0.267738902271 0.271616020655 0.27258661912 0.272727272727 0.26855627579 0.293201263865 0.255928853755 0.27847509856 
0.244565217391 0.261363636364 0.274466615647 0.267474168813 0.244440524529 0.274465645576 0.244436284918 0.233593060691 0.249871067526 0.266675309193 0.26067468659 0.272445965512 0.256744644191 
0.264097137863 0.262358765014 0.283938534349 0.274324991968 0.239643213421 0.251947333083 0.251805709405 0.274324991968 0.239643213421 0.240638342072 0.228279577057 0.232549237175 0.239644374042 
0.26123470389 0.295149795971 0.26203356351 0.27338547874 0.261222982756 0.251006849785 0.272445965512 0.266675309193 0.26123470389 0.272445965512 0.272445965512 0.274324991968 0.262175187189 
0.284090909091 0.272445965512 0.283797880742 0.306501711201 0.255434782609 0.266798418972 0.266675309193 0.262174217118 0.266534655585 0.249742135053 0.266675309193 0.262218111407 0.249764039589 
0.228045427451 0.239643213421 0.26203356351 0.238636363636 0.261522089305 0.244323434286 0.251738066441 0.256614862744 0.229120710656 0.250839322794 0.246555776739 0.239980016725 0.228045427451 
0.261522089305 0.25617378252 0.250644630578 0.260623345658 0.272381395374 0.260623345658 0.260623345658 0.266534655585 0.244344000896 0.257554375972 0.272381395374 0.260623345658 0.25 
0.267738902271 0.25 0.267738902271 0.269040562189 0.244565217391 0.239130434783 0.284898497862 0.262163466055 0.273527102418 0.255928853755 0.261363636364 0.255928853755 0.266657765365 
0.287116970494 0.286699553932 0.285714285714 0.309523809524 0.256892864251 0.282417345196 0.280195448246 0.286975346816 0.280617011724 0.249688084719 0.257590343028 0.280522915588 0.269165848372 
0.346356972631 0.333708472519 0.322508932031 0.309348640362 0.337460219399 0.34144832597 0.337296123523 0.325757575758 0.337460219399 0.325404836169 0.336932568409 0.327184109587 0.326376520816 
0.333708472519 0.338909635075 0.337601839172 0.345236204758 0.337460219399 0.348648038753 0.322085015488 0.339112895943 0.365837492111 0.333989777393 0.346192876755 0.357583708388 0.34144832597 
0.328963921734 0.333989777393 0.350433938884 0.339476461846 0.332956045908 0.330255634195 0.333872568395 0.342146921549 0.333989777393 0.333989777393 0.345881064747 0.334759807686 0.326249923942 
0.346356972631 0.34144832597 0.365837492111 0.353932730206 0.365837492111 0.346356972631 0.357954545455 0.346356972631 0.354631325785 0.353932730206 0.325568932045 0.353353087875 0.345238095238 
0.346356972631 0.354166666667 0.333989777393 0.333144689621 0.353932730206 0.337460219399 0.365837492111 0.330430803357 0.329543564066 0.337460219399 0.33459571181 0.353150969612 0.349493126525 
0.34144832597 0.333872568395 0.333144689621 0.354709981103 0.34144832597 0.354240327167 0.329543564066 0.353932730206 0.346192876755 0.346356972631 0.31705915983 0.31815025241 0.31705915983 
0.31705915983 0.345049451526 0.32344941533 0.321388164159 0.321388164159 0.310911767086 0.321590909091 0.333708472519 0.341666666667 0.321590909091 0.342555014315 0.313852813853 0.345454545455 
0.304399586432 0.292508299078 0.281156183245 0.293492452108 0.30451089401 0.316883990668 0.304399586432 0.292508299078 0.281008047872 0.292026489774 0.297387748817 0.316883990668 0.281008047872 
0.292508299078 0.321224068283 0.286035833588 0.316290873786 0.304858456402 0.304992703314 0.316362030588 0.304399586432 0.286035833588 0.317135961558 0.316883990668 0.316883990668 0.328775278022 
0.317771229959 0.329620365794 0.305244674204 0.304399586432 0.310811666281 0.328775278022 0.281008047872 0.280023894842 0.280023894842 0.317917231552 0.31705915983 0.304992703314 0.304399586432 
0.304399586432 0.316883990668 0.304399586432 0.305383739462 0.293492452108 0.304992703314 0.305976856344 0.313108322741 0.293492452108 0.316883990668 0.312263234969 0.325402943249 0.317204264933 
0.316883990668 0.316883990668 0.304992703314 0.298327262045 0.280023894842 0.304399586432 0.3170867356 0.3170867356 0.316883990668 0.316362030588 0.312110105899 0.309872153053 0.304399586432 
0.289041828583 0.288480660261 0.311014411214 0.294525692992 0.298381653761 0.300590185088 0.283277488391 0.323228993814 0.286975346816 0.281699287072 0.304992703314 0.298609429614 0.306179601276 
0.306619826713 0.312583509234 0.314658618724 0.310074897986 0.301356100645 0.297387748817 0.318391105635 0.286035833588 0.306083795895 0.293679601276 0.292695448246 0.3045867356 0.286176487195 
0.313247387998 0.300371947615 0.292857142857 0.302489177489 0.2880085877 0.310074897986 0.305976856344 0.287069074471 0.298534861498 0.302161633586 0.290422720974 0.286035833588 0.304399586432 
0.309872153053 0.309872153053 0.310678908829 0.305432827316 0.298573364443 0.314241564652 0.323534861498 0.311167756026 0.31518107788 0.298194504593 0.311712149713 0.322479256739 0.310024527795 
0.320620356624 0.286222982756 0.297387748817 0.299360502929 0.273551429352 0.309872153053 0.329620365794 0.3214271124 0.298480606858 0.309872153053 0.33459571181 0.304992703314 0.32291806335 
0.305976856344 0.304992703314 0.298800465113 0.286975346816 0.317264432039 0.298520237824 0.309268441395 0.324183309809 0.317868143698 0.324102826293 0.307010097228 0.261067025116 0.25701330616 
0.244934385388 0.262199313061 0.237203680483 0.249688084719 0.2367392869 0.220362072365 0.220362072365 0.20879638359 0.245702395704 0.221234348467 0.238628735927 0.26293307895 0.243355408145 
0.238628735927 0.257542212689 0.220478808913 0.256241125167 0.252255436151 0.239924465482 0.23911572787 0.256241125167 0.273610721749 0.256380038503 0.251714333992 0.264627134116 0.23911572787 
0.243355408145 0.221652302693 0.249688084719 0.227632738153 0.243355408145 0.214352714298 0.204011301532 0.207054892243 0.224917603733 0.215439906107 0.252255436151 0.243338766706 0.265724590007 
0.366843829279 0.356420575845 0.375213789276 0.357125144806 0.36376842463 0.36754839824 0.353746081303 0.356420575845 0.365738350211 0.386624195679 0.387308982616 0.365738350211 0.376161603645 
0.366870841562 0.36376842463 0.387307801304 0.36376842463 0.374854507342 0.35486579857 0.354450650264 0.354450650264 0.36376842463 0.343645814006 0.366274558054 0.364888141897 0.35229918024 
0.355716006883 0.335460288945 0.362624405711 0.362624405711 0.362624405711 0.339889944055 0.339185375093 0.341713068832 0.34030393091 0.364110287506 0.366766830262 0.354239949547 0.363328974673 
0.352168737272 0.353746081303 0.356420575845 0.356274936492 0.355392541318 0.36376842463 0.352021697318 0.352021697318 0.364888141897 0.352021697318 0.363030599552 0.351179462973 0.352021697318 
0.345806097838 0.355570367531 0.340594513016 0.351540928735 0.340323663689 0.343521525625 0.362758193781 0.359624671874 0.349207718421 0.340594513016 0.359551733725 0.376425670932 0.345806097838 
0.363030599552 0.354450650264 0.354450650264 0.36376842463 0.386231674718 0.370633574107 0.353746081303 0.376582238977 0.355716006883 0.350502424959 0.36376842463 0.342953317663 0.377345116868 
0.366809558675 0.356420575845 0.356420575845 0.367659766989 0.375538112967 0.354372873153 0.354450650264 0.373428061872 0.354450650264 0.355155219225 0.354450650264 0.356420575845 0.345806097838 
0.354450650264 0.354450650264 0.356420575845 0.354450650264 0.354450650264 0.357553067196 0.364888141897 0.356838439522 0.355570367531 0.357553067196 0.355155219225 0.354450650264 0.354450650264 
0.366274558054 0.374717961314 0.356420575845 0.355155219225 0.377345116868 0.365400186948 0.364110287506 0.385900013343 0.384939316965 0.394254399023 0.371908923961 0.389346287761 0.371908923961 
0.376770213469 0.372646749039 0.368043910754 0.366870841562 0.372646749039 0.353991622899 0.365738350211 0.352021697318 0.364888141897 0.352021697318 0.360900021727 0.364415836429 0.364415836429 
0.352021697318 0.373294160838 0.351540928735 0.364888141897 0.374511026702 0.355155219225 0.384459925131 0.357125144806 0.356420575845 0.365400186948 0.377235412199 0.373980136236 0.366104755909 
0.357553067196 0.372646749039 0.363328974673 0.366363892803 0.366887335786 0.372646749039 0.361486511638 0.364888141897 0.373428061872 0.36376842463 0.372646749039 0.374854507342 0.36376842463 
0.35051342032 0.351464168311 0.321548553923 0.332865522178 0.34407303493 0.333840406401 0.350556292218 0.351307437456 0.335118633156 0.352679969654 0.36074868656 0.351464168311 0.363030599552 
0.352729183605 0.341480308657 0.340272329439 0.362292774474 0.353783943031 0.331390701716 0.341117417211 0.344741642023 0.323607842441 0.364868171604 0.362390088808 0.360819393662 0.374957879228 
0.387071110776 0.360187492126 0.384399172328 0.350505586855 0.360715143116 0.368845500784 0.358619355087 0.325684959659 0.357076302327 0.344067584682 0.309259381007 0.321801276817 0.340666922047 
0.346013774767 0.336744433665 0.334834865166 0.345110790685 0.322554506582 0.322619758014 0.333333333333 0.347376053527 0.356348066507 0.35833706229 0.358558933162 0.339130555168 0.387095210589 
0.382027040222 0.413850740816 0.388049307391 0.384248964783 0.390690297279 0.391736030803 0.409042457603 0.359035444982 0.379427532742 0.416834408396 0.406809039582 0.416336050712 0.385450800216 
0.35162349992 0.395664763195 0.380552471646 0.368754097268 0.384963201527 0.389651885016 0.401970663291 0.371989861654 0.384701772962 0.399734872012 0.390403791746 0.377695113778 0.401397386935 
0.411346775494 0.400924409655 0.407788117932 0.396368210579 0.414247488615 0.412830916729 0.410679914757 0.401924940967 0.400458374105 0.409344569553 0.421393551721 0.388954763126 0.401578627039 
0.39718289045 0.400199661998 0.408052455667 0.407237775796 0.385842587851 0.411440077992 0.376069664367 0.386069505793 0.407878050146 0.38979202582 0.362061934755 0.378204142933 0.374981130465 
0.308644804668 0.302334394338 0.300654057912 0.324454571389 0.330377101313 0.348442727713 0.324076216801 0.311763853958 0.322777047252 0.349004055022 0.322452641488 0.311728845303 0.330739186812 
0.295150329806 0.300555566805 0.293344891941 0.290625514816 0.311907482035 0.291397991032 0.289644620531 0.256560004354 0.275176786404 0.285882561459 0.284898408429 0.28604273275 0.294722722978 
0.318696951634 0.339530284967 0.327918632615 0.350217886918 0.347369130945 0.337175914071 0.333926813215 0.308215127563 0.309898497862 0.307578723105 0.364898989899 0.344914445653 0.343301435407 
0.371008667689 0.369043645387 0.39261941439 0.376054368314 0.382812573003 0.394937623265 0.394773476892 0.372760526656 0.396494900167 0.392518434741 0.382812573003 0.381831557138 0.380972154869 
0.355751585154 0.389852215759 0.378970427595 0.368990341587 0.357626705224 0.375760469594 0.367606791231 0.387665231499 0.384898177097 0.390559690171 0.398220838426 0.367606791231 0.395439392003 
0.407115086543 0.384718340737 0.420650303033 0.401359166709 0.41011212578 0.376576858065 0.398822282592 0.390559690171 0.38919094206 0.389958246004 0.388249946605 0.379067541467 0.395763171313 
0.373554742502 0.395992238678 0.377482001374 0.388331763392 0.377269752957 0.364225087581 0.38345874938 0.386989155555 0.384718340737 0.383569219778 0.410412570412 0.411088646356 0.387665231499 
0.376129849486 0.395992238678 0.387436164134 0.364225087581 0.384718340737 0.389250771592 0.396070255966 0.384718340737 0.39971069684 0.387361532357 0.388266675666 0.397848461624 0.399051349958 
0.398449905791 0.39971069684 0.423454631162 0.377482001374 0.389852215759 0.398449905791 0.401215852122 0.4108179081 0.398449905791 0.3784660973 0.384489273371 0.377482001374 0.398449905791 
0.41011212578 0.388324578382 0.409802100265 0.410713569946 0.410770726372 0.410770726372 0.399480883185 0.41011212578 0.398449905791 0.41011212578 0.41011212578 0.401004871711 0.386913990397 
0.401004871711 0.398220838426 0.398033126294 0.420035169774 0.398220838426 0.41011212578 0.389652956481 0.410956111863 0.434178441561 0.422414935283 0.389852215759 0.390377750468 0.410770726372 
0.38929795332 0.397848461624 0.391117227786 0.390294831953 0.389718403586 0.389718403586 0.399666684264 0.398033126294 0.380519269387 0.390294831953 0.390147936813 0.380320010109 0.399480883185 
0.389436004466 0.377590762079 0.380519269387 0.378391465523 0.389436004466 0.379081700042 0.397619394259 0.386989155555 0.389051512314 0.398220838426 0.38676008819 0.398277994852 0.399480883185 
0.399480883185 0.388020132949 0.387436164134 0.387361532357 0.387069875847 0.388020132949 0.377235458658 0.376460245788 0.388020132949 0.388450068148 0.3984060713 0.398822282592 0.376361913761 
0.387436164134 0.388094764727 0.388094764727 0.37554487678 0.398822282592 0.370065892238 0.388020132949 0.359136887069 0.378868282189 0.387436164134 0.352794283357 0.318508307921 0.29585351432 
0.352794283357 0.342291621488 0.375860811543 0.353304075923 0.354044400698 0.365527070451 0.376970710515 0.356055616724 0.376970710515 0.375935513827 0.378072368102 0.387765573448 0.388269808959 
0.399480883185 0.398449905791 0.39971069684 0.389652956481 0.387765573448 0.381095697754 0.406697339561 0.398462659521 0.398220838426 0.389852215759 0.397848461624 0.39971069684 0.422610938986 
0.38929795332 0.378391465523 0.388649327425 0.389852215759 0.397848461624 0.377598048867 0.389852215759 0.394595071796 0.386930995239 0.398449905791 0.399911420303 0.387590599722 0.386363636364 
0.378973582704 0.399376302335 0.389838757559 0.388266675666 0.399480883185 0.398449905791 0.399237151036 0.386989155555 0.368282867175 0.389051512314 0.399850860113 0.389051512314 0.398220838426 
0.400403427544 0.410169282206 0.389958246004 0.390359701162 0.400403427544 0.411755342774 0.398449905791 0.38929795332 0.399237151036 0.397619394259 0.410354667696 0.399562607367 0.386329551072 
0.398220838426 0.398449905791 0.39971069684 0.39513444392 0.364685570711 0.398449905791 0.3984060713 0.377465272313 0.398449905791 0.387665231499 0.368674063864 0.399051349958 0.407555783496 
