0.267566515773 0.260623345658 0.262162495984 0.27985794423 0.27985794423 0.183659937343 0.146334996844 0.169564790615 0.141086024784 0.141166872089 0.20573195876 0.261756541845 0.239139296319 
0.260623345658 0.262162495984 0.27985794423 0.27985794423 0.183659937343 0.146334996844 0.169564790615 0.141086024784 0.141166872089 0.20573195876 0.261756541845 0.239139296319 0.227038304593 
0.288898251625 0.278009680594 0.288898251625 0.27258661912 0.304347826087 0.215803600703 0.104699022977 0.109658656926 0.145833103508 0.149417060228 0.180519308693 0.190461863432 0.227155515933 
0.278009680594 0.288898251625 0.27258661912 0.304347826087 0.215803600703 0.104699022977 0.109658656926 0.145833103508 0.149417060228 0.180519308693 0.190461863432 0.227155515933 0.239632652908 
0.269116760518 0.240844953248 0.280694468992 0.266696231954 0.219292276995 0.191481676986 0.206152568714 0.209203403177 0.154689843321 0.202030712528 0.178273812953 0.218338132066 0.224934919682 
0.240844953248 0.280694468992 0.266696231954 0.219292276995 0.191481676986 0.206152568714 0.209203403177 0.154689843321 0.202030712528 0.178273812953 0.218338132066 0.224934919682 0.160804931293 
0.280694468992 0.266696231954 0.219292276995 0.191481676986 0.206152568714 0.209203403177 0.154689843321 0.202030712528 0.178273812953 0.218338132066 0.224934919682 0.160804931293 0.185933410666 
0.266696231954 0.219292276995 0.191481676986 0.206152568714 0.209203403177 0.154689843321 0.202030712528 0.178273812953 0.218338132066 0.224934919682 0.160804931293 0.185933410666 0.167051547732 
0.219292276995 0.191481676986 0.206152568714 0.209203403177 0.154689843321 0.202030712528 0.178273812953 0.218338132066 0.224934919682 0.160804931293 0.185933410666 0.167051547732 0.165154105958 
0.191481676986 0.206152568714 0.209203403177 0.154689843321 0.202030712528 0.178273812953 0.218338132066 0.224934919682 0.160804931293 0.185933410666 0.167051547732 0.165154105958 0.198834120127 
0.206152568714 0.209203403177 0.154689843321 0.202030712528 0.178273812953 0.218338132066 0.224934919682 0.160804931293 0.185933410666 0.167051547732 0.165154105958 0.198834120127 0.219560093452 
0.209203403177 0.154689843321 0.202030712528 0.178273812953 0.218338132066 0.224934919682 0.160804931293 0.185933410666 0.167051547732 0.165154105958 0.198834120127 0.219560093452 0.202563729465 
0.154689843321 0.202030712528 0.178273812953 0.218338132066 0.224934919682 0.160804931293 0.185933410666 0.167051547732 0.165154105958 0.198834120127 0.219560093452 0.202563729465 0.185358739131 
0.202030712528 0.178273812953 0.218338132066 0.224934919682 0.160804931293 0.185933410666 0.167051547732 0.165154105958 0.198834120127 0.219560093452 0.202563729465 0.185358739131 0.207168730752 
0.178273812953 0.218338132066 0.224934919682 0.160804931293 0.185933410666 0.167051547732 0.165154105958 0.198834120127 0.219560093452 0.202563729465 0.185358739131 0.207168730752 0.22019336111 
0.218338132066 0.224934919682 0.160804931293 0.185933410666 0.167051547732 0.165154105958 0.198834120127 0.219560093452 0.202563729465 0.185358739131 0.207168730752 0.22019336111 0.219381224309 
0.224934919682 0.160804931293 0.185933410666 0.167051547732 0.165154105958 0.198834120127 0.219560093452 0.202563729465 0.185358739131 0.207168730752 0.22019336111 0.219381224309 0.203540870352 
0.370310196576 0.349354783434 0.348648038753 0.346356972631 0.27534095198 0.219094876378 0.15207735027 0.181175993223 0.201104787882 0.206170929142 0.238418668992 0.250309956346 0.269310076978 
0.349354783434 0.348648038753 0.346356972631 0.27534095198 0.219094876378 0.15207735027 0.181175993223 0.201104787882 0.206170929142 0.238418668992 0.250309956346 0.269310076978 0.27534095198 
0.341259682258 0.286975346816 0.256502473218 0.182471950187 0.14573377396 0.115425962838 0.146259307857 0.134221470717 0.109358276319 0.113014683828 0.0947634184782 0.0942738661291 0.0970083150443 
0.286975346816 0.256502473218 0.182471950187 0.14573377396 0.115425962838 0.146259307857 0.134221470717 0.109358276319 0.113014683828 0.0947634184782 0.0942738661291 0.0970083150443 0.103116783199 
0.256502473218 0.182471950187 0.14573377396 0.115425962838 0.146259307857 0.134221470717 0.109358276319 0.113014683828 0.0947634184782 0.0942738661291 0.0970083150443 0.103116783199 0.11239780617 
0.182471950187 0.14573377396 0.115425962838 0.146259307857 0.134221470717 0.109358276319 0.113014683828 0.0947634184782 0.0942738661291 0.0970083150443 0.103116783199 0.11239780617 0.11239780617 
0.14573377396 0.115425962838 0.146259307857 0.134221470717 0.109358276319 0.113014683828 0.0947634184782 0.0942738661291 0.0970083150443 0.103116783199 0.11239780617 0.11239780617 0.0813318165967 
0.115425962838 0.146259307857 0.134221470717 0.109358276319 0.113014683828 0.0947634184782 0.0942738661291 0.0970083150443 0.103116783199 0.11239780617 0.11239780617 0.0813318165967 0.10408087564 
0.146259307857 0.134221470717 0.109358276319 0.113014683828 0.0947634184782 0.0942738661291 0.0970083150443 0.103116783199 0.11239780617 0.11239780617 0.0813318165967 0.10408087564 0.106738706202 
0.134221470717 0.109358276319 0.113014683828 0.0947634184782 0.0942738661291 0.0970083150443 0.103116783199 0.11239780617 0.11239780617 0.0813318165967 0.10408087564 0.106738706202 0.0901249513455 
0.109358276319 0.113014683828 0.0947634184782 0.0942738661291 0.0970083150443 0.103116783199 0.11239780617 0.11239780617 0.0813318165967 0.10408087564 0.106738706202 0.0901249513455 0.184752700702 
0.113014683828 0.0947634184782 0.0942738661291 0.0970083150443 0.103116783199 0.11239780617 0.11239780617 0.0813318165967 0.10408087564 0.106738706202 0.0901249513455 0.184752700702 0.166236009631 
0.0947634184782 0.0942738661291 0.0970083150443 0.103116783199 0.11239780617 0.11239780617 0.0813318165967 0.10408087564 0.106738706202 0.0901249513455 0.184752700702 0.166236009631 0.106785843023 
0.0942738661291 0.0970083150443 0.103116783199 0.11239780617 0.11239780617 0.0813318165967 0.10408087564 0.106738706202 0.0901249513455 0.184752700702 0.166236009631 0.106785843023 0.123909970713 
0.0970083150443 0.103116783199 0.11239780617 0.11239780617 0.0813318165967 0.10408087564 0.106738706202 0.0901249513455 0.184752700702 0.166236009631 0.106785843023 0.123909970713 0.151181792353 
0.103116783199 0.11239780617 0.11239780617 0.0813318165967 0.10408087564 0.106738706202 0.0901249513455 0.184752700702 0.166236009631 0.106785843023 0.123909970713 0.151181792353 0.185399835195 
0.11239780617 0.11239780617 0.0813318165967 0.10408087564 0.106738706202 0.0901249513455 0.184752700702 0.166236009631 0.106785843023 0.123909970713 0.151181792353 0.185399835195 0.240689747376 
0.11239780617 0.0813318165967 0.10408087564 0.106738706202 0.0901249513455 0.184752700702 0.166236009631 0.106785843023 0.123909970713 0.151181792353 0.185399835195 0.240689747376 0.243756915898 
0.0813318165967 0.10408087564 0.106738706202 0.0901249513455 0.184752700702 0.166236009631 0.106785843023 0.123909970713 0.151181792353 0.185399835195 0.240689747376 0.243756915898 0.243355408145 
0.327335506526 0.329620365794 0.318169202442 0.32291806335 0.245100225767 0.193140165627 0.177125508842 0.180137145797 0.207683752162 0.231960517486 0.232573404217 0.245573816156 0.245100225767 
0.329620365794 0.318169202442 0.32291806335 0.245100225767 0.193140165627 0.177125508842 0.180137145797 0.207683752162 0.231960517486 0.232573404217 0.245573816156 0.245100225767 0.251081942371 
0.305244674204 0.316362030588 0.317771229959 0.309872153053 0.31823009993 0.2114133615 0.210980479772 0.205719686987 0.224347761381 0.236683256121 0.268671779009 0.280522915588 0.293007319824 
0.309872153053 0.310227272727 0.322508932031 0.322508932031 0.281650252608 0.167435187275 0.161709908867 0.148039184795 0.18726606354 0.225648111792 0.243355408145 0.256632356282 0.268132607488 
0.240416815393 0.252255436151 0.23911572787 0.243101416886 0.182593299393 0.195973635605 0.223739739157 0.178538626859 0.151136727073 0.199926758874 0.198107436808 0.170642554906 0.239279405976 
0.252255436151 0.23911572787 0.243101416886 0.182593299393 0.195973635605 0.223739739157 0.178538626859 0.151136727073 0.199926758874 0.198107436808 0.170642554906 0.239279405976 0.220355836104 
0.377333637761 0.369404388585 0.378040382442 0.378891026949 0.365647203427 0.233444972995 0.188117822268 0.196097902221 0.189655904293 0.239369719129 0.264052822336 0.29205594941 0.318966007816 
0.369404388585 0.378040382442 0.378891026949 0.365647203427 0.233444972995 0.188117822268 0.196097902221 0.189655904293 0.239369719129 0.264052822336 0.29205594941 0.318966007816 0.318905713166 
0.386120300679 0.385038876336 0.377575032085 0.37559233242 0.377455000407 0.249990898785 0.200624153485 0.180989364246 0.217778135123 0.252155122437 0.314862827448 0.318905713166 0.343065721204 
0.385038876336 0.377575032085 0.37559233242 0.377455000407 0.249990898785 0.200624153485 0.180989364246 0.217778135123 0.252155122437 0.314862827448 0.318905713166 0.343065721204 0.353141414585 
0.36376842463 0.366843829279 0.378187800593 0.376402844372 0.366870841562 0.199664201791 0.222307765498 0.192312830412 0.228304213305 0.245699447411 0.28280180217 0.286330039935 0.303011690869 
0.365085876117 0.375423778567 0.377479055132 0.35486579857 0.356420575845 0.233842230936 0.197067524828 0.179469356505 0.199160269116 0.210269219222 0.25153491255 0.275711295185 0.323120128239 
0.375423778567 0.377479055132 0.35486579857 0.356420575845 0.233842230936 0.197067524828 0.179469356505 0.199160269116 0.210269219222 0.25153491255 0.275711295185 0.323120128239 0.316461861207 
0.405116840227 0.408393831708 0.38581199779 0.396596672082 0.294838995352 0.163552749754 0.190778061554 0.206671757115 0.195356936877 0.240817341119 0.200057349211 0.142834566794 0.172211146698 
0.408393831708 0.38581199779 0.396596672082 0.294838995352 0.163552749754 0.190778061554 0.206671757115 0.195356936877 0.240817341119 0.200057349211 0.142834566794 0.172211146698 0.233064266053 
0.38581199779 0.396596672082 0.294838995352 0.163552749754 0.190778061554 0.206671757115 0.195356936877 0.240817341119 0.200057349211 0.142834566794 0.172211146698 0.233064266053 0.268741443353 
0.396596672082 0.294838995352 0.163552749754 0.190778061554 0.206671757115 0.195356936877 0.240817341119 0.200057349211 0.142834566794 0.172211146698 0.233064266053 0.268741443353 0.260801315824 
0.294838995352 0.163552749754 0.190778061554 0.206671757115 0.195356936877 0.240817341119 0.200057349211 0.142834566794 0.172211146698 0.233064266053 0.268741443353 0.260801315824 0.296139339803 
0.369536288837 0.330556190307 0.308870607213 0.263625221745 0.245090343028 0.194684326516 0.207489370704 0.204288566623 0.208868042751 0.215924359817 0.245098099665 0.294258373206 0.299898167992 
0.330556190307 0.308870607213 0.263625221745 0.245090343028 0.194684326516 0.207489370704 0.204288566623 0.208868042751 0.215924359817 0.245098099665 0.294258373206 0.299898167992 0.334090909091 
0.308870607213 0.263625221745 0.245090343028 0.194684326516 0.207489370704 0.204288566623 0.208868042751 0.215924359817 0.245098099665 0.294258373206 0.299898167992 0.334090909091 0.315239984773 
0.345555594448 0.344879518504 0.323256577542 0.245713966334 0.214164443328 0.196776915558 0.166474270615 0.174054333314 0.190690555725 0.178369310308 0.207018091031 0.244440524529 0.267695448246 
0.344879518504 0.323256577542 0.245713966334 0.214164443328 0.196776915558 0.166474270615 0.174054333314 0.190690555725 0.178369310308 0.207018091031 0.244440524529 0.267695448246 0.291392004356 
0.323256577542 0.245713966334 0.214164443328 0.196776915558 0.166474270615 0.174054333314 0.190690555725 0.178369310308 0.207018091031 0.244440524529 0.267695448246 0.291392004356 0.33826780817 
0.376314355717 0.387727983197 0.364901163525 0.36610197143 0.364685570711 0.196542433113 0.181470371177 0.191716525485 0.218788107426 0.255648203252 0.273130230855 0.273130230855 0.306935817805 
0.376314355717 0.398449905791 0.364409593812 0.386329551072 0.389652956481 0.261904761905 0.18842573212 0.23734404236 0.27029933665 0.286375049523 0.305195448246 0.357142857143 0.337498241787 
0.381669230139 0.359719796685 0.359719796685 0.360626530375 0.210419535203 0.190270874033 0.173773277887 0.165443111103 0.141141485563 0.208112119326 0.281750500002 0.30167629501 0.338304997563 
0.359719796685 0.359719796685 0.360626530375 0.210419535203 0.190270874033 0.173773277887 0.165443111103 0.141141485563 0.208112119326 0.281750500002 0.30167629501 0.338304997563 0.355564047011 
0.359719796685 0.360626530375 0.210419535203 0.190270874033 0.173773277887 0.165443111103 0.141141485563 0.208112119326 0.281750500002 0.30167629501 0.338304997563 0.355564047011 0.355564047011 
0.378543672722 0.367789392124 0.367115221518 0.377943923563 0.389004214687 0.233204011861 0.154752559245 0.150893178669 0.199028261698 0.221185600811 0.244853356837 0.290416367652 0.344703701494 
0.367789392124 0.367115221518 0.377943923563 0.389004214687 0.233204011861 0.154752559245 0.150893178669 0.199028261698 0.221185600811 0.244853356837 0.290416367652 0.344703701494 0.353672477565 
0.268842411075 0.302489177489 0.290950371964 0.28682070365 0.314393939394 0.190368394069 0.144377718308 0.15269625671 0.197081819901 0.156708428969 0.219502495267 0.221664799606 0.227608525713 
0.302489177489 0.290950371964 0.28682070365 0.314393939394 0.190368394069 0.144377718308 0.15269625671 0.197081819901 0.156708428969 0.219502495267 0.221664799606 0.227608525713 0.263453668341 
0.290950371964 0.28682070365 0.314393939394 0.190368394069 0.144377718308 0.15269625671 0.197081819901 0.156708428969 0.219502495267 0.221664799606 0.227608525713 0.263453668341 0.239605627741 
0.370688061576 0.380828043295 0.369952921573 0.381194498651 0.355846986708 0.232549237175 0.1695413197 0.19420089512 0.238363194656 0.274812850832 0.274029823576 0.319686625089 0.337498241787 
0.380828043295 0.369952921573 0.381194498651 0.355846986708 0.232549237175 0.1695413197 0.19420089512 0.238363194656 0.274812850832 0.274029823576 0.319686625089 0.337498241787 0.353907534726 
0.343906953151 0.344707136469 0.344607940142 0.349590357976 0.329354602587 0.244702906493 0.174145874152 0.157661656512 0.153628065081 0.185513429163 0.251590319969 0.265418634993 0.282174938724 
0.344707136469 0.344607940142 0.349590357976 0.329354602587 0.244702906493 0.174145874152 0.157661656512 0.153628065081 0.185513429163 0.251590319969 0.265418634993 0.282174938724 0.294850413975 
0.344607940142 0.349590357976 0.329354602587 0.244702906493 0.174145874152 0.157661656512 0.153628065081 0.185513429163 0.251590319969 0.265418634993 0.282174938724 0.294850413975 0.328550330416 
0.340723656743 0.337316942444 0.336449835678 0.349238776451 0.330632419894 0.207781839879 0.212972398234 0.21419661353 0.226402879504 0.26166014154 0.292830795841 0.298342184224 0.296657614438 
0.337316942444 0.336449835678 0.349238776451 0.330632419894 0.207781839879 0.212972398234 0.21419661353 0.226402879504 0.26166014154 0.292830795841 0.298342184224 0.296657614438 0.334023487049 
0.368200116839 0.370735940902 0.346999632531 0.347806388307 0.255183809669 0.194622231471 0.176682769951 0.219891533013 0.255865232701 0.280765231784 0.297387748817 0.312831394579 0.297387748817 
0.263157624635 0.266534655585 0.249871067526 0.284745290125 0.27258661912 0.174675753376 0.183028128301 0.141132701973 0.194213270855 0.19308804911 0.197510822511 0.215686389364 0.215909090909 
0.266534655585 0.249871067526 0.284745290125 0.27258661912 0.174675753376 0.183028128301 0.141132701973 0.194213270855 0.19308804911 0.197510822511 0.215686389364 0.215909090909 0.232683982684 
0.370649636178 0.390237750951 0.379740300635 0.388037608301 0.378651859377 0.239761585382 0.179420688433 0.185718183537 0.214772727273 0.263564646231 0.308420748973 0.32802919736 0.342137095552 
0.390237750951 0.379740300635 0.388037608301 0.378651859377 0.239761585382 0.179420688433 0.185718183537 0.214772727273 0.263564646231 0.308420748973 0.32802919736 0.342137095552 0.342030648465 
0.351903096493 0.368223111641 0.367287761612 0.356270791692 0.364674776711 0.202380952381 0.183114245365 0.18312334031 0.243912873539 0.302336802748 0.311928782829 0.334746822378 0.345410446175 
0.3665802872 0.356270791692 0.37804204221 0.355751585154 0.368411379516 0.251019152297 0.182630298831 0.197510822511 0.24985177994 0.279080125613 0.296395028753 0.311500326501 0.349143355721 
0.19538557575 0.230410487966 0.211613788064 0.1885231117 0.178845392598 0.189916294157 0.20134936576 0.198761420267 0.181508571108 0.163690121385 0.162573179056 0.184556873705 0.206503089709 
0.230410487966 0.211613788064 0.1885231117 0.178845392598 0.189916294157 0.20134936576 0.198761420267 0.181508571108 0.163690121385 0.162573179056 0.184556873705 0.206503089709 0.209420582076 
0.211613788064 0.1885231117 0.178845392598 0.189916294157 0.20134936576 0.198761420267 0.181508571108 0.163690121385 0.162573179056 0.184556873705 0.206503089709 0.209420582076 0.200960680647 
0.1885231117 0.178845392598 0.189916294157 0.20134936576 0.198761420267 0.181508571108 0.163690121385 0.162573179056 0.184556873705 0.206503089709 0.209420582076 0.200960680647 0.212005067137 
