0.258880043082 0.273974319371 0.263300842672 0.258880043082 0.220047433407 0.143957659841 0.151818788677 0.164323400573 0.187792429019 0.220413459274 0.230127337534 0.239483997958 0.234611335493 
0.273974319371 0.263300842672 0.258880043082 0.220047433407 0.143957659841 0.151818788677 0.164323400573 0.187792429019 0.220413459274 0.230127337534 0.239483997958 0.234611335493 0.240031452581 
0.249886265452 0.269645193369 0.245154774215 0.240127337534 0.199721822102 0.118114801472 0.131925627922 0.116554439355 0.140723665938 0.169847415783 0.195649545178 0.229376100726 0.214264165364 
0.260046408351 0.268130293632 0.279533327591 0.234710670868 0.21955849938 0.147546954799 0.118862131663 0.135580436443 0.148368478977 0.163105777822 0.207691762575 0.25 0.25 
0.268130293632 0.279533327591 0.234710670868 0.21955849938 0.147546954799 0.118862131663 0.135580436443 0.148368478977 0.163105777822 0.207691762575 0.25 0.25 0.255154774215 
0.351354350601 0.333403904447 0.336166754215 0.33601286699 0.359112656983 0.238680939893 0.122397874592 0.216205620312 0.122445817068 0.129958414677 0.12228410989 0.240010684869 0.270985907644 
0.333403904447 0.336166754215 0.33601286699 0.359112656983 0.238680939893 0.122397874592 0.216205620312 0.122445817068 0.129958414677 0.12228410989 0.240010684869 0.270985907644 0.329588823373 
0.336166754215 0.33601286699 0.359112656983 0.238680939893 0.122397874592 0.216205620312 0.122445817068 0.129958414677 0.12228410989 0.240010684869 0.270985907644 0.329588823373 0.322781209337 
0.33601286699 0.359112656983 0.238680939893 0.122397874592 0.216205620312 0.122445817068 0.129958414677 0.12228410989 0.240010684869 0.270985907644 0.329588823373 0.322781209337 0.309581179943 
0.318767522747 0.313090422346 0.313183792203 0.329066634654 0.218510231263 0.127275993032 0.177730605441 0.141175123367 0.163197166122 0.13280551077 0.141118206812 0.162199493653 0.154070768507 
0.313090422346 0.313183792203 0.329066634654 0.218510231263 0.127275993032 0.177730605441 0.141175123367 0.163197166122 0.13280551077 0.141118206812 0.162199493653 0.154070768507 0.154287602376 
0.313183792203 0.329066634654 0.218510231263 0.127275993032 0.177730605441 0.141175123367 0.163197166122 0.13280551077 0.141118206812 0.162199493653 0.154070768507 0.154287602376 0.228770868132 
0.329066634654 0.218510231263 0.127275993032 0.177730605441 0.141175123367 0.163197166122 0.13280551077 0.141118206812 0.162199493653 0.154070768507 0.154287602376 0.228770868132 0.279003082649 
0.218510231263 0.127275993032 0.177730605441 0.141175123367 0.163197166122 0.13280551077 0.141118206812 0.162199493653 0.154070768507 0.154287602376 0.228770868132 0.279003082649 0.299001313253 
0.127275993032 0.177730605441 0.141175123367 0.163197166122 0.13280551077 0.141118206812 0.162199493653 0.154070768507 0.154287602376 0.228770868132 0.279003082649 0.299001313253 0.320440907276 
0.350844901163 0.343031058879 0.34223805285 0.312596779433 0.250620092601 0.15886909851 0.167876773025 0.1511102164 0.150916425078 0.187908075631 0.255862134145 0.277401697641 0.309268198409 
0.343031058879 0.34223805285 0.312596779433 0.250620092601 0.15886909851 0.167876773025 0.1511102164 0.150916425078 0.187908075631 0.255862134145 0.277401697641 0.309268198409 0.311856489726 
0.355988288534 0.373776396994 0.384600281492 0.385658966955 0.308722924369 0.167620752221 0.179314968275 0.172753618207 0.159727901799 0.166522178849 0.141559805063 0.199888374119 0.271459902934 
0.373776396994 0.384600281492 0.385658966955 0.308722924369 0.167620752221 0.179314968275 0.172753618207 0.159727901799 0.166522178849 0.141559805063 0.199888374119 0.271459902934 0.308137437177 
0.384600281492 0.385658966955 0.308722924369 0.167620752221 0.179314968275 0.172753618207 0.159727901799 0.166522178849 0.141559805063 0.199888374119 0.271459902934 0.308137437177 0.342264251976 
0.385658966955 0.308722924369 0.167620752221 0.179314968275 0.172753618207 0.159727901799 0.166522178849 0.141559805063 0.199888374119 0.271459902934 0.308137437177 0.342264251976 0.341541874534 
0.308722924369 0.167620752221 0.179314968275 0.172753618207 0.159727901799 0.166522178849 0.141559805063 0.199888374119 0.271459902934 0.308137437177 0.342264251976 0.341541874534 0.373152286743 
0.341751494172 0.363934225974 0.34356875921 0.335347218943 0.282849950635 0.157860672621 0.176843172795 0.144542327987 0.208243028447 0.267033088589 0.2829736852 0.330183403336 0.32298723778 
0.363934225974 0.34356875921 0.335347218943 0.282849950635 0.157860672621 0.176843172795 0.144542327987 0.208243028447 0.267033088589 0.2829736852 0.330183403336 0.32298723778 0.308938034624 
0.337594741493 0.336976881597 0.32610731638 0.319766736669 0.322732709044 0.15069403193 0.138149115451 0.196751374747 0.127257963677 0.146810311313 0.144668256455 0.20407636178 0.283374070372 
0.336976881597 0.32610731638 0.319766736669 0.322732709044 0.15069403193 0.138149115451 0.196751374747 0.127257963677 0.146810311313 0.144668256455 0.20407636178 0.283374070372 0.305314886001 
0.32610731638 0.319766736669 0.322732709044 0.15069403193 0.138149115451 0.196751374747 0.127257963677 0.146810311313 0.144668256455 0.20407636178 0.283374070372 0.305314886001 0.305314886001 
0.319766736669 0.322732709044 0.15069403193 0.138149115451 0.196751374747 0.127257963677 0.146810311313 0.144668256455 0.20407636178 0.283374070372 0.305314886001 0.305314886001 0.303795344586 
0.336976881597 0.3125 0.318956609288 0.330722116613 0.203235342295 0.136988197161 0.155773384243 0.143213146948 0.141118206812 0.120782429893 0.132389884179 0.119204727333 0.1511102164 
0.3125 0.318956609288 0.330722116613 0.203235342295 0.136988197161 0.155773384243 0.143213146948 0.141118206812 0.120782429893 0.132389884179 0.119204727333 0.1511102164 0.157176853819 
0.318956609288 0.330722116613 0.203235342295 0.136988197161 0.155773384243 0.143213146948 0.141118206812 0.120782429893 0.132389884179 0.119204727333 0.1511102164 0.157176853819 0.156832377548 
0.330722116613 0.203235342295 0.136988197161 0.155773384243 0.143213146948 0.141118206812 0.120782429893 0.132389884179 0.119204727333 0.1511102164 0.157176853819 0.156832377548 0.170940510753 
0.203235342295 0.136988197161 0.155773384243 0.143213146948 0.141118206812 0.120782429893 0.132389884179 0.119204727333 0.1511102164 0.157176853819 0.156832377548 0.170940510753 0.170876587451 
0.136988197161 0.155773384243 0.143213146948 0.141118206812 0.120782429893 0.132389884179 0.119204727333 0.1511102164 0.157176853819 0.156832377548 0.170940510753 0.170876587451 0.196424671819 
0.155773384243 0.143213146948 0.141118206812 0.120782429893 0.132389884179 0.119204727333 0.1511102164 0.157176853819 0.156832377548 0.170940510753 0.170876587451 0.196424671819 0.194970110339 
0.143213146948 0.141118206812 0.120782429893 0.132389884179 0.119204727333 0.1511102164 0.157176853819 0.156832377548 0.170940510753 0.170876587451 0.196424671819 0.194970110339 0.208911101975 
0.239583333333 0.239583333333 0.239583333333 0.230039442994 0.230237463031 0.147591978034 0.177702160019 0.153945785916 0.148280050275 0.151272609626 0.125179517405 0.127623033095 0.15870151191 
0.239583333333 0.239583333333 0.230039442994 0.230237463031 0.147591978034 0.177702160019 0.153945785916 0.148280050275 0.151272609626 0.125179517405 0.127623033095 0.15870151191 0.191253967481 
0.239583333333 0.230039442994 0.230237463031 0.147591978034 0.177702160019 0.153945785916 0.148280050275 0.151272609626 0.125179517405 0.127623033095 0.15870151191 0.191253967481 0.201253967481 
0.265960987943 0.255154774215 0.251607749026 0.24119108236 0.181564344524 0.13440486152 0.128842716515 0.146460032458 0.141841489453 0.133017454609 0.171564344524 0.204704301408 0.235139815375 
0.255154774215 0.251607749026 0.24119108236 0.181564344524 0.13440486152 0.128842716515 0.146460032458 0.141841489453 0.133017454609 0.171564344524 0.204704301408 0.235139815375 0.250862109691 
0.251607749026 0.24119108236 0.181564344524 0.13440486152 0.128842716515 0.146460032458 0.141841489453 0.133017454609 0.171564344524 0.204704301408 0.235139815375 0.250862109691 0.260226414845 
0.239798370911 0.249891634137 0.260154774215 0.260907770656 0.242514897788 0.143561611356 0.137282195086 0.105158427959 0.109424947687 0.124417821515 0.162657496745 0.181564344524 0.200699581013 
0.249891634137 0.260154774215 0.260907770656 0.242514897788 0.143561611356 0.137282195086 0.105158427959 0.109424947687 0.124417821515 0.162657496745 0.181564344524 0.200699581013 0.231778875743 
0.260154774215 0.260907770656 0.242514897788 0.143561611356 0.137282195086 0.105158427959 0.109424947687 0.124417821515 0.162657496745 0.181564344524 0.200699581013 0.231778875743 0.239886265452 
0.250862109691 0.281466504803 0.281466504803 0.283736218901 0.220413459274 0.149182413874 0.147518537829 0.163625186491 0.155925797782 0.155690961001 0.1688742051 0.211189789186 0.235272678565 
0.281466504803 0.281466504803 0.283736218901 0.220413459274 0.149182413874 0.147518537829 0.163625186491 0.155925797782 0.155690961001 0.1688742051 0.211189789186 0.235272678565 0.259549308416 
0.281466504803 0.283736218901 0.220413459274 0.149182413874 0.147518537829 0.163625186491 0.155925797782 0.155690961001 0.1688742051 0.211189789186 0.235272678565 0.259549308416 0.250600217239 
0.244469598785 0.280726215096 0.269645193369 0.26877352619 0.262194302466 0.163105777822 0.138031358245 0.144323160695 0.135597350142 0.152625734264 0.158317630383 0.187792429019 0.236735834472 
0.280726215096 0.269645193369 0.26877352619 0.262194302466 0.163105777822 0.138031358245 0.144323160695 0.135597350142 0.152625734264 0.158317630383 0.187792429019 0.236735834472 0.234977245542 
0.269645193369 0.26877352619 0.262194302466 0.163105777822 0.138031358245 0.144323160695 0.135597350142 0.152625734264 0.158317630383 0.187792429019 0.236735834472 0.234977245542 0.257302668329 
0.26877352619 0.262194302466 0.163105777822 0.138031358245 0.144323160695 0.135597350142 0.152625734264 0.158317630383 0.187792429019 0.236735834472 0.234977245542 0.257302668329 0.245 
0.340948313693 0.331763850337 0.330519690301 0.330715146114 0.261713984385 0.132286940763 0.121183827611 0.113049301824 0.121135885134 0.163962270859 0.230039442994 0.276245311817 0.294023881702 
0.331763850337 0.330519690301 0.330715146114 0.261713984385 0.132286940763 0.121183827611 0.113049301824 0.121135885134 0.163962270859 0.230039442994 0.276245311817 0.294023881702 0.293201337804 
0.330519690301 0.330715146114 0.261713984385 0.132286940763 0.121183827611 0.113049301824 0.121135885134 0.163962270859 0.230039442994 0.276245311817 0.294023881702 0.293201337804 0.301200868783 
0.331337226132 0.340948313693 0.368736735143 0.331141770319 0.31555851996 0.160210845521 0.160652434323 0.174592237961 0.151818788677 0.171573113536 0.2406147866 0.282756712859 0.305978521427 
0.340948313693 0.368736735143 0.331141770319 0.31555851996 0.160210845521 0.160652434323 0.174592237961 0.151818788677 0.171573113536 0.2406147866 0.282756712859 0.305978521427 0.318065130308 
0.368736735143 0.331141770319 0.31555851996 0.160210845521 0.160652434323 0.174592237961 0.151818788677 0.171573113536 0.2406147866 0.282756712859 0.305978521427 0.318065130308 0.316890710236 
0.265398189811 0.245880333975 0.250637273472 0.26085262208 0.230127337534 0.134026101169 0.120487352605 0.145247448963 0.184010782882 0.224996792607 0.240345360263 0.250600217239 0.239483997958 
0.265213663476 0.240692795654 0.25586510299 0.251027372138 0.23142172322 0.112681418927 0.0998378853267 0.118330810021 0.142621813693 0.161810798264 0.190699581013 0.215187990711 0.239483997958 
0.240692795654 0.25586510299 0.251027372138 0.23142172322 0.112681418927 0.0998378853267 0.118330810021 0.142621813693 0.161810798264 0.190699581013 0.215187990711 0.239483997958 0.229166666667 
0.273228677237 0.262393634491 0.273210438985 0.26085262208 0.26085262208 0.188125513005 0.129675227857 0.138030843768 0.119118832915 0.122308916712 0.184010782882 0.210941419916 0.217405640835 
0.262393634491 0.273210438985 0.26085262208 0.26085262208 0.188125513005 0.129675227857 0.138030843768 0.119118832915 0.122308916712 0.184010782882 0.210941419916 0.217405640835 0.229912306002 
0.273210438985 0.26085262208 0.26085262208 0.188125513005 0.129675227857 0.138030843768 0.119118832915 0.122308916712 0.184010782882 0.210941419916 0.217405640835 0.229912306002 0.261016883905 
0.275935173393 0.286043043601 0.275935173393 0.265857112577 0.205806501866 0.138288711713 0.0936543728627 0.129675227857 0.127730186087 0.0998357954185 0.140775428301 0.139215066184 0.140468235547 
0.286043043601 0.275935173393 0.265857112577 0.205806501866 0.138288711713 0.0936543728627 0.129675227857 0.127730186087 0.0998357954185 0.140775428301 0.139215066184 0.140468235547 0.138031358245 
0.275935173393 0.265857112577 0.205806501866 0.138288711713 0.0936543728627 0.129675227857 0.127730186087 0.0998357954185 0.140775428301 0.139215066184 0.140468235547 0.138031358245 0.139905104132 
0.265857112577 0.205806501866 0.138288711713 0.0936543728627 0.129675227857 0.127730186087 0.0998357954185 0.140775428301 0.139215066184 0.140468235547 0.138031358245 0.139905104132 0.128491519919 
0.205806501866 0.138288711713 0.0936543728627 0.129675227857 0.127730186087 0.0998357954185 0.140775428301 0.139215066184 0.140468235547 0.138031358245 0.139905104132 0.128491519919 0.139215066184 
0.138288711713 0.0936543728627 0.129675227857 0.127730186087 0.0998357954185 0.140775428301 0.139215066184 0.140468235547 0.138031358245 0.139905104132 0.128491519919 0.139215066184 0.139215066184 
0.0936543728627 0.129675227857 0.127730186087 0.0998357954185 0.140775428301 0.139215066184 0.140468235547 0.138031358245 0.139905104132 0.128491519919 0.139215066184 0.139215066184 0.129917925469 
0.129675227857 0.127730186087 0.0998357954185 0.140775428301 0.139215066184 0.140468235547 0.138031358245 0.139905104132 0.128491519919 0.139215066184 0.139215066184 0.129917925469 0.128491519919 
0.127730186087 0.0998357954185 0.140775428301 0.139215066184 0.140468235547 0.138031358245 0.139905104132 0.128491519919 0.139215066184 0.139215066184 0.129917925469 0.128491519919 0.141112595996 
0.0998357954185 0.140775428301 0.139215066184 0.140468235547 0.138031358245 0.139905104132 0.128491519919 0.139215066184 0.139215066184 0.129917925469 0.128491519919 0.141112595996 0.142735372598 
0.140775428301 0.139215066184 0.140468235547 0.138031358245 0.139905104132 0.128491519919 0.139215066184 0.139215066184 0.129917925469 0.128491519919 0.141112595996 0.142735372598 0.166465774916 
0.139215066184 0.140468235547 0.138031358245 0.139905104132 0.128491519919 0.139215066184 0.139215066184 0.129917925469 0.128491519919 0.141112595996 0.142735372598 0.166465774916 0.190627667298 
0.140468235547 0.138031358245 0.139905104132 0.128491519919 0.139215066184 0.139215066184 0.129917925469 0.128491519919 0.141112595996 0.142735372598 0.166465774916 0.190627667298 0.235739069456 
0.138031358245 0.139905104132 0.128491519919 0.139215066184 0.139215066184 0.129917925469 0.128491519919 0.141112595996 0.142735372598 0.166465774916 0.190627667298 0.235739069456 0.281470181049 
0.139905104132 0.128491519919 0.139215066184 0.139215066184 0.129917925469 0.128491519919 0.141112595996 0.142735372598 0.166465774916 0.190627667298 0.235739069456 0.281470181049 0.251854546909 
0.25586510299 0.234802292422 0.250643183404 0.265213663476 0.225549620267 0.152226458776 0.178038869251 0.161644715124 0.138465903025 0.133228955476 0.117408892292 0.108499416857 0.114961498868 
0.234802292422 0.250643183404 0.265213663476 0.225549620267 0.152226458776 0.178038869251 0.161644715124 0.138465903025 0.133228955476 0.117408892292 0.108499416857 0.114961498868 0.0975680009276 
0.250643183404 0.265213663476 0.225549620267 0.152226458776 0.178038869251 0.161644715124 0.138465903025 0.133228955476 0.117408892292 0.108499416857 0.114961498868 0.0975680009276 0.107722821519 
0.265213663476 0.225549620267 0.152226458776 0.178038869251 0.161644715124 0.138465903025 0.133228955476 0.117408892292 0.108499416857 0.114961498868 0.0975680009276 0.107722821519 0.131587553049 
0.225549620267 0.152226458776 0.178038869251 0.161644715124 0.138465903025 0.133228955476 0.117408892292 0.108499416857 0.114961498868 0.0975680009276 0.107722821519 0.131587553049 0.129129902575 
0.152226458776 0.178038869251 0.161644715124 0.138465903025 0.133228955476 0.117408892292 0.108499416857 0.114961498868 0.0975680009276 0.107722821519 0.131587553049 0.129129902575 0.112264699398 
0.178038869251 0.161644715124 0.138465903025 0.133228955476 0.117408892292 0.108499416857 0.114961498868 0.0975680009276 0.107722821519 0.131587553049 0.129129902575 0.112264699398 0.114829783254 
0.161644715124 0.138465903025 0.133228955476 0.117408892292 0.108499416857 0.114961498868 0.0975680009276 0.107722821519 0.131587553049 0.129129902575 0.112264699398 0.114829783254 0.0998378853267 
0.138465903025 0.133228955476 0.117408892292 0.108499416857 0.114961498868 0.0975680009276 0.107722821519 0.131587553049 0.129129902575 0.112264699398 0.114829783254 0.0998378853267 0.0923418002825 
0.133228955476 0.117408892292 0.108499416857 0.114961498868 0.0975680009276 0.107722821519 0.131587553049 0.129129902575 0.112264699398 0.114829783254 0.0998378853267 0.0923418002825 0.101478442618 
0.117408892292 0.108499416857 0.114961498868 0.0975680009276 0.107722821519 0.131587553049 0.129129902575 0.112264699398 0.114829783254 0.0998378853267 0.0923418002825 0.101478442618 0.114353972217 
0.108499416857 0.114961498868 0.0975680009276 0.107722821519 0.131587553049 0.129129902575 0.112264699398 0.114829783254 0.0998378853267 0.0923418002825 0.101478442618 0.114353972217 0.131112595996 
0.114961498868 0.0975680009276 0.107722821519 0.131587553049 0.129129902575 0.112264699398 0.114829783254 0.0998378853267 0.0923418002825 0.101478442618 0.114353972217 0.131112595996 0.179286514001 
0.0975680009276 0.107722821519 0.131587553049 0.129129902575 0.112264699398 0.114829783254 0.0998378853267 0.0923418002825 0.101478442618 0.114353972217 0.131112595996 0.179286514001 0.217072907474 
0.107722821519 0.131587553049 0.129129902575 0.112264699398 0.114829783254 0.0998378853267 0.0923418002825 0.101478442618 0.114353972217 0.131112595996 0.179286514001 0.217072907474 0.220413459274 
0.285197682651 0.274993669791 0.291756102852 0.275205673064 0.275849122165 0.260177553387 0.174640162252 0.173974599064 0.210029297239 0.260907770656 0.26085262208 0.270454044529 0.272121620563 
0.274993669791 0.291756102852 0.275205673064 0.275849122165 0.260177553387 0.174640162252 0.173974599064 0.210029297239 0.260907770656 0.26085262208 0.270454044529 0.272121620563 0.286860543498 
0.333403904447 0.333403904447 0.339789942621 0.298204734132 0.270985907644 0.17403485677 0.165657311305 0.151166149289 0.172203414224 0.173962970068 0.144361166685 0.177101679862 0.170853566912 
0.333403904447 0.339789942621 0.298204734132 0.270985907644 0.17403485677 0.165657311305 0.151166149289 0.172203414224 0.173962970068 0.144361166685 0.177101679862 0.170853566912 0.140061261598 
0.339789942621 0.298204734132 0.270985907644 0.17403485677 0.165657311305 0.151166149289 0.172203414224 0.173962970068 0.144361166685 0.177101679862 0.170853566912 0.140061261598 0.192067658678 
0.298204734132 0.270985907644 0.17403485677 0.165657311305 0.151166149289 0.172203414224 0.173962970068 0.144361166685 0.177101679862 0.170853566912 0.140061261598 0.192067658678 0.150519053101 
0.270985907644 0.17403485677 0.165657311305 0.151166149289 0.172203414224 0.173962970068 0.144361166685 0.177101679862 0.170853566912 0.140061261598 0.192067658678 0.150519053101 0.152340288991 
0.17403485677 0.165657311305 0.151166149289 0.172203414224 0.173962970068 0.144361166685 0.177101679862 0.170853566912 0.140061261598 0.192067658678 0.150519053101 0.152340288991 0.172324308166 
0.165657311305 0.151166149289 0.172203414224 0.173962970068 0.144361166685 0.177101679862 0.170853566912 0.140061261598 0.192067658678 0.150519053101 0.152340288991 0.172324308166 0.153205156535 
0.151166149289 0.172203414224 0.173962970068 0.144361166685 0.177101679862 0.170853566912 0.140061261598 0.192067658678 0.150519053101 0.152340288991 0.172324308166 0.153205156535 0.148424112966 
0.172203414224 0.173962970068 0.144361166685 0.177101679862 0.170853566912 0.140061261598 0.192067658678 0.150519053101 0.152340288991 0.172324308166 0.153205156535 0.148424112966 0.154826636471 
0.173962970068 0.144361166685 0.177101679862 0.170853566912 0.140061261598 0.192067658678 0.150519053101 0.152340288991 0.172324308166 0.153205156535 0.148424112966 0.154826636471 0.149782910869 
0.144361166685 0.177101679862 0.170853566912 0.140061261598 0.192067658678 0.150519053101 0.152340288991 0.172324308166 0.153205156535 0.148424112966 0.154826636471 0.149782910869 0.147194040375 
0.177101679862 0.170853566912 0.140061261598 0.192067658678 0.150519053101 0.152340288991 0.172324308166 0.153205156535 0.148424112966 0.154826636471 0.149782910869 0.147194040375 0.130566349818 
0.170853566912 0.140061261598 0.192067658678 0.150519053101 0.152340288991 0.172324308166 0.153205156535 0.148424112966 0.154826636471 0.149782910869 0.147194040375 0.130566349818 0.129152959544 
0.140061261598 0.192067658678 0.150519053101 0.152340288991 0.172324308166 0.153205156535 0.148424112966 0.154826636471 0.149782910869 0.147194040375 0.130566349818 0.129152959544 0.120149683152 
0.192067658678 0.150519053101 0.152340288991 0.172324308166 0.153205156535 0.148424112966 0.154826636471 0.149782910869 0.147194040375 0.130566349818 0.129152959544 0.120149683152 0.112405865004 
0.150519053101 0.152340288991 0.172324308166 0.153205156535 0.148424112966 0.154826636471 0.149782910869 0.147194040375 0.130566349818 0.129152959544 0.120149683152 0.112405865004 0.153277400444 
0.152340288991 0.172324308166 0.153205156535 0.148424112966 0.154826636471 0.149782910869 0.147194040375 0.130566349818 0.129152959544 0.120149683152 0.112405865004 0.153277400444 0.143213146948 
0.172324308166 0.153205156535 0.148424112966 0.154826636471 0.149782910869 0.147194040375 0.130566349818 0.129152959544 0.120149683152 0.112405865004 0.153277400444 0.143213146948 0.160972357968 
0.153205156535 0.148424112966 0.154826636471 0.149782910869 0.147194040375 0.130566349818 0.129152959544 0.120149683152 0.112405865004 0.153277400444 0.143213146948 0.160972357968 0.162630041735 
0.148424112966 0.154826636471 0.149782910869 0.147194040375 0.130566349818 0.129152959544 0.120149683152 0.112405865004 0.153277400444 0.143213146948 0.160972357968 0.162630041735 0.194337295096 
0.154826636471 0.149782910869 0.147194040375 0.130566349818 0.129152959544 0.120149683152 0.112405865004 0.153277400444 0.143213146948 0.160972357968 0.162630041735 0.194337295096 0.189400701535 
0.297086346071 0.288055687023 0.279533327591 0.297904410207 0.286064470772 0.246476718379 0.159745222283 0.150667527983 0.181927552393 0.229616631252 0.260529207724 0.255957493888 0.25586510299 
0.288055687023 0.279533327591 0.297904410207 0.286064470772 0.246476718379 0.159745222283 0.150667527983 0.181927552393 0.229616631252 0.260529207724 0.255957493888 0.25586510299 0.266172842495 
0.245731079043 0.255885853258 0.255058889262 0.234888689695 0.260907770656 0.180206902362 0.139821378141 0.133184546554 0.121081521757 0.15783860217 0.165170795357 0.204305862954 0.235164817935 
0.255885853258 0.255058889262 0.234888689695 0.260907770656 0.180206902362 0.139821378141 0.133184546554 0.121081521757 0.15783860217 0.165170795357 0.204305862954 0.235164817935 0.250427351536 
0.345341294575 0.328440205388 0.337059868404 0.33575485062 0.325550529547 0.175258063697 0.166231666633 0.158740965769 0.157518678525 0.146744774619 0.13831189749 0.181535192747 0.149606946351 
0.328440205388 0.337059868404 0.33575485062 0.325550529547 0.175258063697 0.166231666633 0.158740965769 0.157518678525 0.146744774619 0.13831189749 0.181535192747 0.149606946351 0.196353630918 
0.337059868404 0.33575485062 0.325550529547 0.175258063697 0.166231666633 0.158740965769 0.157518678525 0.146744774619 0.13831189749 0.181535192747 0.149606946351 0.196353630918 0.266131755295 
0.33575485062 0.325550529547 0.175258063697 0.166231666633 0.158740965769 0.157518678525 0.146744774619 0.13831189749 0.181535192747 0.149606946351 0.196353630918 0.266131755295 0.286064470772 
0.325550529547 0.175258063697 0.166231666633 0.158740965769 0.157518678525 0.146744774619 0.13831189749 0.181535192747 0.149606946351 0.196353630918 0.266131755295 0.286064470772 0.286064470772 
0.175258063697 0.166231666633 0.158740965769 0.157518678525 0.146744774619 0.13831189749 0.181535192747 0.149606946351 0.196353630918 0.266131755295 0.286064470772 0.286064470772 0.286064470772 
0.282323814846 0.276072461185 0.275007643546 0.269604497866 0.269604497866 0.244794302009 0.162007300087 0.144939476423 0.149840412392 0.200270825665 0.312483431031 0.336614331284 0.343266213077 
0.276072461185 0.275007643546 0.269604497866 0.269604497866 0.244794302009 0.162007300087 0.144939476423 0.149840412392 0.200270825665 0.312483431031 0.336614331284 0.343266213077 0.344315373537 
0.235657744795 0.235657744795 0.244794302009 0.244794302009 0.235629256418 0.157518678525 0.155647982963 0.179221702636 0.127066880389 0.15510886488 0.25586510299 0.269603664769 0.275400264123 
0.235657744795 0.244794302009 0.244794302009 0.235629256418 0.157518678525 0.155647982963 0.179221702636 0.127066880389 0.15510886488 0.25586510299 0.269603664769 0.275400264123 0.309246313563 
0.275313425245 0.265094051102 0.281602396072 0.286064470772 0.267028347821 0.176518811506 0.161246477496 0.140262732432 0.158032393492 0.164211629143 0.215837574219 0.225986662391 0.244715218538 
0.265094051102 0.281602396072 0.286064470772 0.267028347821 0.176518811506 0.161246477496 0.140262732432 0.158032393492 0.164211629143 0.215837574219 0.225986662391 0.244715218538 0.266762482359 
0.26085262208 0.276072461185 0.271769024461 0.285730475546 0.266684076574 0.184226585027 0.130603570441 0.16024857124 0.148035672919 0.148562395242 0.195409255339 0.201578069295 0.21549754321 
0.276072461185 0.271769024461 0.285730475546 0.266684076574 0.184226585027 0.130603570441 0.16024857124 0.148035672919 0.148562395242 0.195409255339 0.201578069295 0.21549754321 0.261713984385 
0.266172842495 0.261713984385 0.266907415594 0.271067970688 0.225665735208 0.155234718659 0.169573968253 0.17042022318 0.13030209741 0.161152264715 0.186065796451 0.197305038182 0.206360888333 
0.261713984385 0.266907415594 0.271067970688 0.225665735208 0.155234718659 0.169573968253 0.17042022318 0.13030209741 0.161152264715 0.186065796451 0.197305038182 0.206360888333 0.234509936192 
0.266907415594 0.271067970688 0.225665735208 0.155234718659 0.169573968253 0.17042022318 0.13030209741 0.161152264715 0.186065796451 0.197305038182 0.206360888333 0.234509936192 0.255058889262 
0.26085262208 0.25586510299 0.249891634137 0.266667107788 0.208860567316 0.133982991576 0.13799277894 0.109446201906 0.123044133733 0.158088171906 0.188742588672 0.204305862954 0.209492687934 
0.250617344495 0.250637273472 0.26676196746 0.270368282 0.26085262208 0.183753977442 0.136759342371 0.139642575547 0.144293415252 0.165170795357 0.200190921537 0.240409773584 0.244762457668 
0.250637273472 0.26676196746 0.270368282 0.26085262208 0.183753977442 0.136759342371 0.139642575547 0.144293415252 0.165170795357 0.200190921537 0.240409773584 0.244762457668 0.26085262208 
0.313923648203 0.282215254796 0.285197682651 0.291333767425 0.275205673064 0.204784205536 0.16058851102 0.158151385326 0.175529554998 0.185731975932 0.225577447337 0.26085262208 0.245649754382 
0.282215254796 0.285197682651 0.291333767425 0.275205673064 0.204784205536 0.16058851102 0.158151385326 0.175529554998 0.185731975932 0.225577447337 0.26085262208 0.245649754382 0.251498635777 
0.380954716724 0.394000535136 0.374247019188 0.367613699634 0.358236277117 0.171434140341 0.176295695254 0.179724725206 0.169875233888 0.198480145437 0.274363538866 0.330029237517 0.338556882455 
0.394000535136 0.374247019188 0.367613699634 0.358236277117 0.171434140341 0.176295695254 0.179724725206 0.169875233888 0.198480145437 0.274363538866 0.330029237517 0.338556882455 0.348665789857 
0.354540871972 0.358124399415 0.34618473551 0.347589922568 0.341628491441 0.201656605991 0.198257374526 0.235563749474 0.201941683899 0.148782316795 0.144240057632 0.224764138232 0.282435921396 
0.358124399415 0.34618473551 0.347589922568 0.341628491441 0.201656605991 0.198257374526 0.235563749474 0.201941683899 0.148782316795 0.144240057632 0.224764138232 0.282435921396 0.304653059154 
0.34618473551 0.347589922568 0.341628491441 0.201656605991 0.198257374526 0.235563749474 0.201941683899 0.148782316795 0.144240057632 0.224764138232 0.282435921396 0.304653059154 0.33840695293 
0.347589922568 0.341628491441 0.201656605991 0.198257374526 0.235563749474 0.201941683899 0.148782316795 0.144240057632 0.224764138232 0.282435921396 0.304653059154 0.33840695293 0.348212500051 
0.373879988808 0.395056417673 0.37521324441 0.361148628449 0.348264931244 0.205694663714 0.188365119742 0.180991400246 0.176426795944 0.26224898154 0.314653059154 0.328417547871 0.361148628449 
0.395056417673 0.37521324441 0.361148628449 0.348264931244 0.205694663714 0.188365119742 0.180991400246 0.176426795944 0.26224898154 0.314653059154 0.328417547871 0.361148628449 0.360583088898 
0.348144577587 0.353756896431 0.349777263196 0.356147119388 0.301424218658 0.160155361396 0.142260861207 0.129738300661 0.182721003183 0.220520213832 0.219744114004 0.223619621907 0.235 
0.353756896431 0.349777263196 0.356147119388 0.301424218658 0.160155361396 0.142260861207 0.129738300661 0.182721003183 0.220520213832 0.219744114004 0.223619621907 0.235 0.255226414845 
