0.339716957251 0.339205533063 0.308429295944 0.300472167383 0.214815431236 0.156859153621 0.16681052525 0.127692307692 0.147307692308 0.196002901125 0.23520348135 0.235712405336 0.236793892566 
0.255884887318 0.236825650955 0.25466169602 0.274852867955 0.18375 0.151622776602 0.142916666667 0.141357463729 0.11 0.13268179254 0.166794330487 0.200159167033 0.230939096576 
0.236535762452 0.23577582737 0.265853040103 0.246010706818 0.23577582737 0.155823618656 0.135217391304 0.156956521739 0.122452057523 0.138384864173 0.156482528649 0.173204322432 0.227628846975 
0.23577582737 0.265853040103 0.246010706818 0.23577582737 0.155823618656 0.135217391304 0.156956521739 0.122452057523 0.138384864173 0.156482528649 0.173204322432 0.227628846975 0.240729832003 
0.307796693552 0.313470352405 0.30485584194 0.210798006631 0.161310167012 0.146086956522 0.152916666667 0.13286872419 0.143285390857 0.140221700437 0.148106784862 0.191483754622 0.166874448553 
0.313470352405 0.30485584194 0.210798006631 0.161310167012 0.146086956522 0.152916666667 0.13286872419 0.143285390857 0.140221700437 0.148106784862 0.191483754622 0.166874448553 0.146086956522 
0.30485584194 0.210798006631 0.161310167012 0.146086956522 0.152916666667 0.13286872419 0.143285390857 0.140221700437 0.148106784862 0.191483754622 0.166874448553 0.146086956522 0.144134691809 
0.210798006631 0.161310167012 0.146086956522 0.152916666667 0.13286872419 0.143285390857 0.140221700437 0.148106784862 0.191483754622 0.166874448553 0.146086956522 0.144134691809 0.119160949957 
0.161310167012 0.146086956522 0.152916666667 0.13286872419 0.143285390857 0.140221700437 0.148106784862 0.191483754622 0.166874448553 0.146086956522 0.144134691809 0.119160949957 0.140224358974 
0.146086956522 0.152916666667 0.13286872419 0.143285390857 0.140221700437 0.148106784862 0.191483754622 0.166874448553 0.146086956522 0.144134691809 0.119160949957 0.140224358974 0.169807858061 
0.152916666667 0.13286872419 0.143285390857 0.140221700437 0.148106784862 0.191483754622 0.166874448553 0.146086956522 0.144134691809 0.119160949957 0.140224358974 0.169807858061 0.189751530855 
0.13286872419 0.143285390857 0.140221700437 0.148106784862 0.191483754622 0.166874448553 0.146086956522 0.144134691809 0.119160949957 0.140224358974 0.169807858061 0.189751530855 0.205691085778 
0.143285390857 0.140221700437 0.148106784862 0.191483754622 0.166874448553 0.146086956522 0.144134691809 0.119160949957 0.140224358974 0.169807858061 0.189751530855 0.205691085778 0.230643184502 
0.309354341761 0.314086446369 0.301745087183 0.317725461937 0.299180875626 0.205066556916 0.165005599327 0.161440118195 0.144551126071 0.176402611013 0.206437800263 0.256324429271 0.295254105659 
0.314086446369 0.301745087183 0.317725461937 0.299180875626 0.205066556916 0.165005599327 0.161440118195 0.144551126071 0.176402611013 0.206437800263 0.256324429271 0.295254105659 0.276023180578 
0.256861727843 0.242095177215 0.260550450459 0.260359853909 0.162591405575 0.146956521739 0.142916666667 0.160256410256 0.180543174155 0.142916666667 0.163333333333 0.13286872419 0.152953200724 
0.242095177215 0.260550450459 0.260359853909 0.162591405575 0.146956521739 0.142916666667 0.160256410256 0.180543174155 0.142916666667 0.163333333333 0.13286872419 0.152953200724 0.149430498415 
0.260550450459 0.260359853909 0.162591405575 0.146956521739 0.142916666667 0.160256410256 0.180543174155 0.142916666667 0.163333333333 0.13286872419 0.152953200724 0.149430498415 0.196759259259 
0.260359853909 0.162591405575 0.146956521739 0.142916666667 0.160256410256 0.180543174155 0.142916666667 0.163333333333 0.13286872419 0.152953200724 0.149430498415 0.196759259259 0.240986206048 
0.162591405575 0.146956521739 0.142916666667 0.160256410256 0.180543174155 0.142916666667 0.163333333333 0.13286872419 0.152953200724 0.149430498415 0.196759259259 0.240986206048 0.216554598502 
0.245638725872 0.244930975656 0.244535925734 0.241386762408 0.17985617257 0.13280551077 0.146165156695 0.1325 0.109208892434 0.131368054425 0.181240572246 0.187346027864 0.207395791188 
0.212256736588 0.224694428966 0.22577403649 0.216359195355 0.174323528469 0.161009140362 0.149402338807 0.161102225987 0.174968426965 0.14618922106 0.168106784862 0.177722169477 0.180918281421 
0.224694428966 0.22577403649 0.216359195355 0.174323528469 0.161009140362 0.149402338807 0.161102225987 0.174968426965 0.14618922106 0.168106784862 0.177722169477 0.180918281421 0.188631669278 
0.22577403649 0.216359195355 0.174323528469 0.161009140362 0.149402338807 0.161102225987 0.174968426965 0.14618922106 0.168106784862 0.177722169477 0.180918281421 0.188631669278 0.161102225987 
0.216359195355 0.174323528469 0.161009140362 0.149402338807 0.161102225987 0.174968426965 0.14618922106 0.168106784862 0.177722169477 0.180918281421 0.188631669278 0.161102225987 0.154973029064 
0.174323528469 0.161009140362 0.149402338807 0.161102225987 0.174968426965 0.14618922106 0.168106784862 0.177722169477 0.180918281421 0.188631669278 0.161102225987 0.154973029064 0.230731079043 
0.161009140362 0.149402338807 0.161102225987 0.174968426965 0.14618922106 0.168106784862 0.177722169477 0.180918281421 0.188631669278 0.161102225987 0.154973029064 0.230731079043 0.22 
0.149402338807 0.161102225987 0.174968426965 0.14618922106 0.168106784862 0.177722169477 0.180918281421 0.188631669278 0.161102225987 0.154973029064 0.230731079043 0.22 0.221864390633 
0.161102225987 0.174968426965 0.14618922106 0.168106784862 0.177722169477 0.180918281421 0.188631669278 0.161102225987 0.154973029064 0.230731079043 0.22 0.221864390633 0.220735834105 
0.244525480253 0.246175459347 0.264461785824 0.265170200631 0.236919544062 0.176402611013 0.155254377276 0.141971141975 0.134770405892 0.127019032181 0.143195024232 0.180139858722 0.21734980411 
0.246175459347 0.264461785824 0.265170200631 0.236919544062 0.176402611013 0.155254377276 0.141971141975 0.134770405892 0.127019032181 0.143195024232 0.180139858722 0.21734980411 0.23624948083 
0.264461785824 0.265170200631 0.236919544062 0.176402611013 0.155254377276 0.141971141975 0.134770405892 0.127019032181 0.143195024232 0.180139858722 0.21734980411 0.23624948083 0.264671792949 
0.307382864454 0.313480311251 0.297319430232 0.289262825103 0.218212059081 0.151850020295 0.186962298802 0.147307692308 0.118801108759 0.137257963677 0.16224153289 0.192259702766 0.216313446577 
0.313480311251 0.297319430232 0.289262825103 0.218212059081 0.151850020295 0.186962298802 0.147307692308 0.118801108759 0.137257963677 0.16224153289 0.192259702766 0.216313446577 0.265496782496 
0.236648027825 0.227031356651 0.228586438901 0.237678345995 0.1965391931 0.134615384615 0.165008438023 0.15402332102 0.153269191787 0.159107776451 0.169039272724 0.15402332102 0.156866244202 
0.227031356651 0.228586438901 0.237678345995 0.1965391931 0.134615384615 0.165008438023 0.15402332102 0.153269191787 0.159107776451 0.169039272724 0.15402332102 0.156866244202 0.145980964104 
0.228586438901 0.237678345995 0.1965391931 0.134615384615 0.165008438023 0.15402332102 0.153269191787 0.159107776451 0.169039272724 0.15402332102 0.156866244202 0.145980964104 0.1080289806 
0.237678345995 0.1965391931 0.134615384615 0.165008438023 0.15402332102 0.153269191787 0.159107776451 0.169039272724 0.15402332102 0.156866244202 0.145980964104 0.1080289806 0.0880769230769 
0.1965391931 0.134615384615 0.165008438023 0.15402332102 0.153269191787 0.159107776451 0.169039272724 0.15402332102 0.156866244202 0.145980964104 0.1080289806 0.0880769230769 0.134565655985 
0.134615384615 0.165008438023 0.15402332102 0.153269191787 0.159107776451 0.169039272724 0.15402332102 0.156866244202 0.145980964104 0.1080289806 0.0880769230769 0.134565655985 0.150889565222 
0.165008438023 0.15402332102 0.153269191787 0.159107776451 0.169039272724 0.15402332102 0.156866244202 0.145980964104 0.1080289806 0.0880769230769 0.134565655985 0.150889565222 0.175573480929 
0.26551322317 0.263897757358 0.256547759034 0.261192398511 0.213607433976 0.12406859367 0.109650460536 0.117178332157 0.137202030788 0.151501623744 0.21091729016 0.231250351244 0.231538607316 
0.263897757358 0.256547759034 0.261192398511 0.213607433976 0.12406859367 0.109650460536 0.117178332157 0.137202030788 0.151501623744 0.21091729016 0.231250351244 0.231538607316 0.27392724628 
0.301836486737 0.28279487082 0.292693183569 0.301241800165 0.230425361697 0.1225 0.164499482622 0.13286872419 0.135799092554 0.117649683152 0.15491532179 0.174193726361 0.193008176388 
0.28279487082 0.292693183569 0.301241800165 0.230425361697 0.1225 0.164499482622 0.13286872419 0.135799092554 0.117649683152 0.15491532179 0.174193726361 0.193008176388 0.221191401008 
0.303682114932 0.308414836315 0.307926008926 0.29082846797 0.265477255134 0.169735614152 0.135889409227 0.140983016485 0.141408066913 0.142586003143 0.159385189435 0.127019032181 0.170673076923 
0.308414836315 0.307926008926 0.29082846797 0.265477255134 0.169735614152 0.135889409227 0.140983016485 0.141408066913 0.142586003143 0.159385189435 0.127019032181 0.170673076923 0.169799550963 
0.307926008926 0.29082846797 0.265477255134 0.169735614152 0.135889409227 0.140983016485 0.141408066913 0.142586003143 0.159385189435 0.127019032181 0.170673076923 0.169799550963 0.196992305054 
0.29082846797 0.265477255134 0.169735614152 0.135889409227 0.140983016485 0.141408066913 0.142586003143 0.159385189435 0.127019032181 0.170673076923 0.169799550963 0.196992305054 0.217262752829 
0.315955573689 0.330174545555 0.315313886523 0.296576414131 0.198666631199 0.134539443268 0.141523659008 0.138212335171 0.120149683152 0.12 0.142916666667 0.177632683604 0.220949340372 
0.330174545555 0.315313886523 0.296576414131 0.198666631199 0.134539443268 0.141523659008 0.138212335171 0.120149683152 0.12 0.142916666667 0.177632683604 0.220949340372 0.264513274065 
0.315313886523 0.296576414131 0.198666631199 0.134539443268 0.141523659008 0.138212335171 0.120149683152 0.12 0.142916666667 0.177632683604 0.220949340372 0.264513274065 0.269099334223 
0.296576414131 0.198666631199 0.134539443268 0.141523659008 0.138212335171 0.120149683152 0.12 0.142916666667 0.177632683604 0.220949340372 0.264513274065 0.269099334223 0.284041405948 
0.23624948083 0.231904534797 0.241710635489 0.247042623162 0.196501457711 0.102083333333 0.163333333333 0.14 0.119252669809 0.137257963677 0.178416127128 0.1568023209 0.186203657118 
0.231904534797 0.241710635489 0.247042623162 0.196501457711 0.102083333333 0.163333333333 0.14 0.119252669809 0.137257963677 0.178416127128 0.1568023209 0.186203657118 0.236030445346 
0.258861435861 0.245755965203 0.245755965203 0.236030445346 0.200159167033 0.154478456791 0.126918059194 0.123387413724 0.121654709502 0.119204727333 0.11122338851 0.158097300459 0.15402332102 
0.245755965203 0.245755965203 0.236030445346 0.200159167033 0.154478456791 0.126918059194 0.123387413724 0.121654709502 0.119204727333 0.11122338851 0.158097300459 0.15402332102 0.199015442661 
0.245755965203 0.236030445346 0.200159167033 0.154478456791 0.126918059194 0.123387413724 0.121654709502 0.119204727333 0.11122338851 0.158097300459 0.15402332102 0.199015442661 0.235077032175 
0.236030445346 0.200159167033 0.154478456791 0.126918059194 0.123387413724 0.121654709502 0.119204727333 0.11122338851 0.158097300459 0.15402332102 0.199015442661 0.235077032175 0.234917199728 
0.279303008917 0.279984340461 0.273737622442 0.258850683736 0.195900619109 0.129346228708 0.16456438959 0.180999438704 0.187722169477 0.187071336368 0.187418725602 0.166874448553 0.156086956522 
0.279984340461 0.273737622442 0.258850683736 0.195900619109 0.129346228708 0.16456438959 0.180999438704 0.187722169477 0.187071336368 0.187418725602 0.166874448553 0.156086956522 0.124142449817 
0.273737622442 0.258850683736 0.195900619109 0.129346228708 0.16456438959 0.180999438704 0.187722169477 0.187071336368 0.187418725602 0.166874448553 0.156086956522 0.124142449817 0.102372611141 
0.258850683736 0.195900619109 0.129346228708 0.16456438959 0.180999438704 0.187722169477 0.187071336368 0.187418725602 0.166874448553 0.156086956522 0.124142449817 0.102372611141 0.119160949957 
0.195900619109 0.129346228708 0.16456438959 0.180999438704 0.187722169477 0.187071336368 0.187418725602 0.166874448553 0.156086956522 0.124142449817 0.102372611141 0.119160949957 0.149657549535 
0.129346228708 0.16456438959 0.180999438704 0.187722169477 0.187071336368 0.187418725602 0.166874448553 0.156086956522 0.124142449817 0.102372611141 0.119160949957 0.149657549535 0.166283683821 
0.16456438959 0.180999438704 0.187722169477 0.187071336368 0.187418725602 0.166874448553 0.156086956522 0.124142449817 0.102372611141 0.119160949957 0.149657549535 0.166283683821 0.197774526355 
0.307368165861 0.325092322947 0.32321410558 0.351910027538 0.211172335053 0.135247339911 0.154655767432 0.19309549807 0.124685802425 0.113222008501 0.158849078162 0.175830976419 0.210525825973 
0.325092322947 0.32321410558 0.351910027538 0.211172335053 0.135247339911 0.154655767432 0.19309549807 0.124685802425 0.113222008501 0.158849078162 0.175830976419 0.210525825973 0.23025633173 
0.333086731744 0.332965519928 0.334917244555 0.313066171559 0.176832377548 0.147409820491 0.131931593458 0.115082314623 0.170876587451 0.215967935797 0.216848978439 0.235712405336 0.255741551931 
0.332965519928 0.334917244555 0.313066171559 0.176832377548 0.147409820491 0.131931593458 0.115082314623 0.170876587451 0.215967935797 0.216848978439 0.235712405336 0.255741551931 0.235827438356 
0.332367330017 0.338329703107 0.317073203127 0.317649268788 0.220984655946 0.163495860567 0.159936076698 0.157878653735 0.13206234568 0.155514738061 0.166619670836 0.162591405575 0.147737345383 
0.338329703107 0.317073203127 0.317649268788 0.220984655946 0.163495860567 0.159936076698 0.157878653735 0.13206234568 0.155514738061 0.166619670836 0.162591405575 0.147737345383 0.142630522744 
0.317073203127 0.317649268788 0.220984655946 0.163495860567 0.159936076698 0.157878653735 0.13206234568 0.155514738061 0.166619670836 0.162591405575 0.147737345383 0.142630522744 0.13862204112 
0.317649268788 0.220984655946 0.163495860567 0.159936076698 0.157878653735 0.13206234568 0.155514738061 0.166619670836 0.162591405575 0.147737345383 0.142630522744 0.13862204112 0.157166868338 
0.220984655946 0.163495860567 0.159936076698 0.157878653735 0.13206234568 0.155514738061 0.166619670836 0.162591405575 0.147737345383 0.142630522744 0.13862204112 0.157166868338 0.157878653735 
0.163495860567 0.159936076698 0.157878653735 0.13206234568 0.155514738061 0.166619670836 0.162591405575 0.147737345383 0.142630522744 0.13862204112 0.157166868338 0.157878653735 0.147820787305 
0.159936076698 0.157878653735 0.13206234568 0.155514738061 0.166619670836 0.162591405575 0.147737345383 0.142630522744 0.13862204112 0.157166868338 0.157878653735 0.147820787305 0.154995678988 
0.157878653735 0.13206234568 0.155514738061 0.166619670836 0.162591405575 0.147737345383 0.142630522744 0.13862204112 0.157166868338 0.157878653735 0.147820787305 0.154995678988 0.167640674017 
0.13206234568 0.155514738061 0.166619670836 0.162591405575 0.147737345383 0.142630522744 0.13862204112 0.157166868338 0.157878653735 0.147820787305 0.154995678988 0.167640674017 0.201940697056 
0.155514738061 0.166619670836 0.162591405575 0.147737345383 0.142630522744 0.13862204112 0.157166868338 0.157878653735 0.147820787305 0.154995678988 0.167640674017 0.201940697056 0.241070595908 
0.166619670836 0.162591405575 0.147737345383 0.142630522744 0.13862204112 0.157166868338 0.157878653735 0.147820787305 0.154995678988 0.167640674017 0.201940697056 0.241070595908 0.240274802347 
0.162591405575 0.147737345383 0.142630522744 0.13862204112 0.157166868338 0.157878653735 0.147820787305 0.154995678988 0.167640674017 0.201940697056 0.241070595908 0.240274802347 0.270043618705 
0.299262227406 0.299180875626 0.299262227406 0.299547891027 0.272507907316 0.146015142484 0.169484208585 0.169377439509 0.13280551077 0.143213146948 0.137051410582 0.151000936012 0.160127333627 
0.299180875626 0.299262227406 0.299547891027 0.272507907316 0.146015142484 0.169484208585 0.169377439509 0.13280551077 0.143213146948 0.137051410582 0.151000936012 0.160127333627 0.163197166122 
0.299262227406 0.299547891027 0.272507907316 0.146015142484 0.169484208585 0.169377439509 0.13280551077 0.143213146948 0.137051410582 0.151000936012 0.160127333627 0.163197166122 0.163197166122 
0.299547891027 0.272507907316 0.146015142484 0.169484208585 0.169377439509 0.13280551077 0.143213146948 0.137051410582 0.151000936012 0.160127333627 0.163197166122 0.163197166122 0.138233724944 
0.272507907316 0.146015142484 0.169484208585 0.169377439509 0.13280551077 0.143213146948 0.137051410582 0.151000936012 0.160127333627 0.163197166122 0.163197166122 0.138233724944 0.136111684062 
0.146015142484 0.169484208585 0.169377439509 0.13280551077 0.143213146948 0.137051410582 0.151000936012 0.160127333627 0.163197166122 0.163197166122 0.138233724944 0.136111684062 0.130886614131 
0.169484208585 0.169377439509 0.13280551077 0.143213146948 0.137051410582 0.151000936012 0.160127333627 0.163197166122 0.163197166122 0.138233724944 0.136111684062 0.130886614131 0.178536851662 
0.169377439509 0.13280551077 0.143213146948 0.137051410582 0.151000936012 0.160127333627 0.163197166122 0.163197166122 0.138233724944 0.136111684062 0.130886614131 0.178536851662 0.186156052581 
0.13280551077 0.143213146948 0.137051410582 0.151000936012 0.160127333627 0.163197166122 0.163197166122 0.138233724944 0.136111684062 0.130886614131 0.178536851662 0.186156052581 0.202761351653 
0.143213146948 0.137051410582 0.151000936012 0.160127333627 0.163197166122 0.163197166122 0.138233724944 0.136111684062 0.130886614131 0.178536851662 0.186156052581 0.202761351653 0.211779680605 
0.273361491352 0.298013744625 0.274982575237 0.26995480086 0.265117262195 0.180207187141 0.135561217032 0.144248131254 0.138233724944 0.119078140211 0.113975507842 0.140375041723 0.17252866929 
0.298013744625 0.274982575237 0.26995480086 0.265117262195 0.180207187141 0.135561217032 0.144248131254 0.138233724944 0.119078140211 0.113975507842 0.140375041723 0.17252866929 0.193261162086 
0.274982575237 0.26995480086 0.265117262195 0.180207187141 0.135561217032 0.144248131254 0.138233724944 0.119078140211 0.113975507842 0.140375041723 0.17252866929 0.193261162086 0.235742189275 
0.29568070276 0.304200834711 0.280692263905 0.279865300419 0.200988586349 0.137660493981 0.201182318642 0.181159297848 0.179057143213 0.166874448553 0.174699284674 0.187733754622 0.18427221616 
0.304200834711 0.280692263905 0.279865300419 0.200988586349 0.137660493981 0.201182318642 0.181159297848 0.179057143213 0.166874448553 0.174699284674 0.187733754622 0.18427221616 0.181159297848 
0.280692263905 0.279865300419 0.200988586349 0.137660493981 0.201182318642 0.181159297848 0.179057143213 0.166874448553 0.174699284674 0.187733754622 0.18427221616 0.181159297848 0.165005599327 
0.279865300419 0.200988586349 0.137660493981 0.201182318642 0.181159297848 0.179057143213 0.166874448553 0.174699284674 0.187733754622 0.18427221616 0.181159297848 0.165005599327 0.143424231919 
0.200988586349 0.137660493981 0.201182318642 0.181159297848 0.179057143213 0.166874448553 0.174699284674 0.187733754622 0.18427221616 0.181159297848 0.165005599327 0.143424231919 0.163197166122 
0.137660493981 0.201182318642 0.181159297848 0.179057143213 0.166874448553 0.174699284674 0.187733754622 0.18427221616 0.181159297848 0.165005599327 0.143424231919 0.163197166122 0.159525682622 
0.201182318642 0.181159297848 0.179057143213 0.166874448553 0.174699284674 0.187733754622 0.18427221616 0.181159297848 0.165005599327 0.143424231919 0.163197166122 0.159525682622 0.158294626365 
0.181159297848 0.179057143213 0.166874448553 0.174699284674 0.187733754622 0.18427221616 0.181159297848 0.165005599327 0.143424231919 0.163197166122 0.159525682622 0.158294626365 0.159385429922 
0.179057143213 0.166874448553 0.174699284674 0.187733754622 0.18427221616 0.181159297848 0.165005599327 0.143424231919 0.163197166122 0.159525682622 0.158294626365 0.159385429922 0.164492145681 
0.166874448553 0.174699284674 0.187733754622 0.18427221616 0.181159297848 0.165005599327 0.143424231919 0.163197166122 0.159525682622 0.158294626365 0.159385429922 0.164492145681 0.156023033219 
0.174699284674 0.187733754622 0.18427221616 0.181159297848 0.165005599327 0.143424231919 0.163197166122 0.159525682622 0.158294626365 0.159385429922 0.164492145681 0.156023033219 0.137660493981 
0.187733754622 0.18427221616 0.181159297848 0.165005599327 0.143424231919 0.163197166122 0.159525682622 0.158294626365 0.159385429922 0.164492145681 0.156023033219 0.137660493981 0.140221700437 
0.18427221616 0.181159297848 0.165005599327 0.143424231919 0.163197166122 0.159525682622 0.158294626365 0.159385429922 0.164492145681 0.156023033219 0.137660493981 0.140221700437 0.163269410031 
0.181159297848 0.165005599327 0.143424231919 0.163197166122 0.159525682622 0.158294626365 0.159385429922 0.164492145681 0.156023033219 0.137660493981 0.140221700437 0.163269410031 0.157458994654 
0.165005599327 0.143424231919 0.163197166122 0.159525682622 0.158294626365 0.159385429922 0.164492145681 0.156023033219 0.137660493981 0.140221700437 0.163269410031 0.157458994654 0.145153468002 
0.143424231919 0.163197166122 0.159525682622 0.158294626365 0.159385429922 0.164492145681 0.156023033219 0.137660493981 0.140221700437 0.163269410031 0.157458994654 0.145153468002 0.149719697449 
0.163197166122 0.159525682622 0.158294626365 0.159385429922 0.164492145681 0.156023033219 0.137660493981 0.140221700437 0.163269410031 0.157458994654 0.145153468002 0.149719697449 0.193426164835 
0.159525682622 0.158294626365 0.159385429922 0.164492145681 0.156023033219 0.137660493981 0.140221700437 0.163269410031 0.157458994654 0.145153468002 0.149719697449 0.193426164835 0.23152222721 
0.158294626365 0.159385429922 0.164492145681 0.156023033219 0.137660493981 0.140221700437 0.163269410031 0.157458994654 0.145153468002 0.149719697449 0.193426164835 0.23152222721 0.250334998365 
0.159385429922 0.164492145681 0.156023033219 0.137660493981 0.140221700437 0.163269410031 0.157458994654 0.145153468002 0.149719697449 0.193426164835 0.23152222721 0.250334998365 0.276169735436 
0.164492145681 0.156023033219 0.137660493981 0.140221700437 0.163269410031 0.157458994654 0.145153468002 0.149719697449 0.193426164835 0.23152222721 0.250334998365 0.276169735436 0.270043618705 
0.298929748264 0.293738573125 0.308719287385 0.295215228521 0.241076577264 0.173412910091 0.171775510464 0.163740692755 0.164305691301 0.147993144698 0.168831132528 0.210797703257 0.216508300225 
0.293738573125 0.308719287385 0.295215228521 0.241076577264 0.173412910091 0.171775510464 0.163740692755 0.164305691301 0.147993144698 0.168831132528 0.210797703257 0.216508300225 0.206678730571 
0.308719287385 0.295215228521 0.241076577264 0.173412910091 0.171775510464 0.163740692755 0.164305691301 0.147993144698 0.168831132528 0.210797703257 0.216508300225 0.206678730571 0.211031206983 
0.268543569173 0.271258633533 0.26995480086 0.298890306596 0.193588821475 0.170591802525 0.174886040863 0.149606946351 0.135708229269 0.156696498885 0.178536851662 0.179955083266 0.200230207934 
0.271258633533 0.26995480086 0.298890306596 0.193588821475 0.170591802525 0.174886040863 0.149606946351 0.135708229269 0.156696498885 0.178536851662 0.179955083266 0.200230207934 0.219956765568 
0.26995480086 0.298890306596 0.193588821475 0.170591802525 0.174886040863 0.149606946351 0.135708229269 0.156696498885 0.178536851662 0.179955083266 0.200230207934 0.219956765568 0.222294674823 
0.289726209314 0.275486895963 0.28555401334 0.271258633533 0.225387064194 0.158042861559 0.189988086503 0.191645382391 0.172806069536 0.182522922513 0.191657238913 0.200159167033 0.201110574298 
0.275486895963 0.28555401334 0.271258633533 0.225387064194 0.158042861559 0.189988086503 0.191645382391 0.172806069536 0.182522922513 0.191657238913 0.200159167033 0.201110574298 0.200230207934 
0.28555401334 0.271258633533 0.225387064194 0.158042861559 0.189988086503 0.191645382391 0.172806069536 0.182522922513 0.191657238913 0.200159167033 0.201110574298 0.200230207934 0.180207187141 
0.271258633533 0.225387064194 0.158042861559 0.189988086503 0.191645382391 0.172806069536 0.182522922513 0.191657238913 0.200159167033 0.201110574298 0.200230207934 0.180207187141 0.160199577536 
0.225387064194 0.158042861559 0.189988086503 0.191645382391 0.172806069536 0.182522922513 0.191657238913 0.200159167033 0.201110574298 0.200230207934 0.180207187141 0.160199577536 0.139208892434 
0.158042861559 0.189988086503 0.191645382391 0.172806069536 0.182522922513 0.191657238913 0.200159167033 0.201110574298 0.200230207934 0.180207187141 0.160199577536 0.139208892434 0.177042033559 
0.189988086503 0.191645382391 0.172806069536 0.182522922513 0.191657238913 0.200159167033 0.201110574298 0.200230207934 0.180207187141 0.160199577536 0.139208892434 0.177042033559 0.196002901125 
0.191645382391 0.172806069536 0.182522922513 0.191657238913 0.200159167033 0.201110574298 0.200230207934 0.180207187141 0.160199577536 0.139208892434 0.177042033559 0.196002901125 0.186458557411 
0.172806069536 0.182522922513 0.191657238913 0.200159167033 0.201110574298 0.200230207934 0.180207187141 0.160199577536 0.139208892434 0.177042033559 0.196002901125 0.186458557411 0.214980894157 
0.290425920446 0.273959406371 0.298574740507 0.287093940383 0.142797520357 0.175473895888 0.156874448553 0.12929058033 0.157777365263 0.124086801438 0.122236167414 0.15582356655 0.154074074074 
0.273959406371 0.298574740507 0.287093940383 0.142797520357 0.175473895888 0.156874448553 0.12929058033 0.157777365263 0.124086801438 0.122236167414 0.15582356655 0.154074074074 0.186458557411 
0.298574740507 0.287093940383 0.142797520357 0.175473895888 0.156874448553 0.12929058033 0.157777365263 0.124086801438 0.122236167414 0.15582356655 0.154074074074 0.186458557411 0.197105956861 
0.280607111085 0.265660730766 0.280607111085 0.241523281542 0.181319914805 0.148447986012 0.166892598437 0.15 0.141183113779 0.121708892434 0.131498084601 0.172806069536 0.181240572246 
0.265660730766 0.280607111085 0.241523281542 0.181319914805 0.148447986012 0.166892598437 0.15 0.141183113779 0.121708892434 0.131498084601 0.172806069536 0.181240572246 0.206082805253 
0.280607111085 0.241523281542 0.181319914805 0.148447986012 0.166892598437 0.15 0.141183113779 0.121708892434 0.131498084601 0.172806069536 0.181240572246 0.206082805253 0.2159869203 
0.329050819646 0.307248198617 0.302883008916 0.299195335255 0.194993851995 0.154766088292 0.140161145554 0.124142449817 0.119252669809 0.137307692308 0.178712364613 0.236094571912 0.286821525586 
0.307248198617 0.302883008916 0.299195335255 0.194993851995 0.154766088292 0.140161145554 0.124142449817 0.119252669809 0.137307692308 0.178712364613 0.236094571912 0.286821525586 0.285341653354 
0.302883008916 0.299195335255 0.194993851995 0.154766088292 0.140161145554 0.124142449817 0.119252669809 0.137307692308 0.178712364613 0.236094571912 0.286821525586 0.285341653354 0.291314709647 
0.260176030878 0.254803771463 0.250184021291 0.230939096576 0.213726042419 0.158565649007 0.161538760523 0.163333333333 0.123343636349 0.124086801438 0.156866244202 0.167769517795 0.177769517795 
0.254803771463 0.250184021291 0.230939096576 0.213726042419 0.158565649007 0.161538760523 0.163333333333 0.123343636349 0.124086801438 0.156866244202 0.167769517795 0.177769517795 0.196082805253 
0.250184021291 0.230939096576 0.213726042419 0.158565649007 0.161538760523 0.163333333333 0.123343636349 0.124086801438 0.156866244202 0.167769517795 0.177769517795 0.196082805253 0.205769230769 
0.334118594689 0.308719287385 0.308414836315 0.284638274863 0.176466547823 0.138134057971 0.16375 0.145761089424 0.139936076698 0.16681052525 0.11157353746 0.144539443268 0.180207187141 
0.308719287385 0.308414836315 0.284638274863 0.176466547823 0.138134057971 0.16375 0.145761089424 0.139936076698 0.16681052525 0.11157353746 0.144539443268 0.180207187141 0.201110574298 
0.308414836315 0.284638274863 0.176466547823 0.138134057971 0.16375 0.145761089424 0.139936076698 0.16681052525 0.11157353746 0.144539443268 0.180207187141 0.201110574298 0.209832201332 
0.284638274863 0.176466547823 0.138134057971 0.16375 0.145761089424 0.139936076698 0.16681052525 0.11157353746 0.144539443268 0.180207187141 0.201110574298 0.209832201332 0.229882699637 
0.314065172521 0.344638834993 0.321358343547 0.331441115187 0.313821122881 0.163797525476 0.11453818089 0.136580508877 0.12583284211 0.138491400246 0.214404093831 0.251838682282 0.271813498264 
0.344638834993 0.321358343547 0.331441115187 0.313821122881 0.163797525476 0.11453818089 0.136580508877 0.12583284211 0.138491400246 0.214404093831 0.251838682282 0.271813498264 0.281211196044 
0.321358343547 0.331441115187 0.313821122881 0.163797525476 0.11453818089 0.136580508877 0.12583284211 0.138491400246 0.214404093831 0.251838682282 0.271813498264 0.281211196044 0.284276536785 
0.311871981782 0.307796693552 0.318903827102 0.29376049875 0.19407636178 0.125107893938 0.143273106161 0.135967200007 0.135967200007 0.164499482622 0.121840075445 0.163269410031 0.158106784862 
0.307796693552 0.318903827102 0.29376049875 0.19407636178 0.125107893938 0.143273106161 0.135967200007 0.135967200007 0.164499482622 0.121840075445 0.163269410031 0.158106784862 0.187577453985 
0.318903827102 0.29376049875 0.19407636178 0.125107893938 0.143273106161 0.135967200007 0.135967200007 0.164499482622 0.121840075445 0.163269410031 0.158106784862 0.187577453985 0.226833641367 
0.29376049875 0.19407636178 0.125107893938 0.143273106161 0.135967200007 0.135967200007 0.164499482622 0.121840075445 0.163269410031 0.158106784862 0.187577453985 0.226833641367 0.226200875692 
0.289316668379 0.283939142463 0.298361750397 0.279960913259 0.215824935331 0.134494437616 0.171197849125 0.195234520657 0.188192371393 0.174834874892 0.144248131254 0.129863195293 0.146166378028 
0.283939142463 0.298361750397 0.279960913259 0.215824935331 0.134494437616 0.171197849125 0.195234520657 0.188192371393 0.174834874892 0.144248131254 0.129863195293 0.146166378028 0.159021435555 
0.298361750397 0.279960913259 0.215824935331 0.134494437616 0.171197849125 0.195234520657 0.188192371393 0.174834874892 0.144248131254 0.129863195293 0.146166378028 0.159021435555 0.196751374747 
0.279960913259 0.215824935331 0.134494437616 0.171197849125 0.195234520657 0.188192371393 0.174834874892 0.144248131254 0.129863195293 0.146166378028 0.159021435555 0.196751374747 0.22613275414 
0.34033224405 0.292511126494 0.321991245495 0.303209443301 0.246732565191 0.142853453246 0.150641025641 0.143261089424 0.129944067111 0.13157353746 0.117692307692 0.142853453246 0.197034212517 
0.292511126494 0.321991245495 0.303209443301 0.246732565191 0.142853453246 0.150641025641 0.143261089424 0.129944067111 0.13157353746 0.117692307692 0.142853453246 0.197034212517 0.222235898507 
0.321991245495 0.303209443301 0.246732565191 0.142853453246 0.150641025641 0.143261089424 0.129944067111 0.13157353746 0.117692307692 0.142853453246 0.197034212517 0.222235898507 0.24638569191 
0.311231448948 0.314100905998 0.322522226268 0.318182239132 0.203996457653 0.129481278915 0.166874448553 0.125813168895 0.134086749333 0.129952057523 0.117649683152 0.146229835562 0.17 
0.314100905998 0.322522226268 0.318182239132 0.203996457653 0.129481278915 0.166874448553 0.125813168895 0.134086749333 0.129952057523 0.117649683152 0.146229835562 0.17 0.196954308389 
0.322522226268 0.318182239132 0.203996457653 0.129481278915 0.166874448553 0.125813168895 0.134086749333 0.129952057523 0.117649683152 0.146229835562 0.17 0.196954308389 0.225296720844 
0.256002716405 0.233067059218 0.246388972928 0.245362889731 0.183596811887 0.149936076698 0.156923076923 0.144834626884 0.127649683152 0.13286872419 0.161231056256 0.170591802525 0.17985617257 
0.233067059218 0.246388972928 0.245362889731 0.183596811887 0.149936076698 0.156923076923 0.144834626884 0.127649683152 0.13286872419 0.161231056256 0.170591802525 0.17985617257 0.201110574298 
0.317497745574 0.328871979887 0.324000551555 0.314065172521 0.295254105659 0.173261089424 0.138586956522 0.135416666667 0.125155836414 0.132853453246 0.177650255762 0.225223067414 0.254803771463 
0.328871979887 0.324000551555 0.314065172521 0.295254105659 0.173261089424 0.138586956522 0.135416666667 0.125155836414 0.132853453246 0.177650255762 0.225223067414 0.254803771463 0.245724425195 
0.324000551555 0.314065172521 0.295254105659 0.173261089424 0.138586956522 0.135416666667 0.125155836414 0.132853453246 0.177650255762 0.225223067414 0.254803771463 0.245724425195 0.275162758394 
0.307796693552 0.317725461937 0.313468303606 0.315062312375 0.274404061575 0.16456438959 0.166594422758 0.156177756091 0.139888134221 0.120844700548 0.138538748564 0.166474538236 0.186082805253 
0.317725461937 0.313468303606 0.315062312375 0.274404061575 0.16456438959 0.166594422758 0.156177756091 0.139888134221 0.120844700548 0.138538748564 0.166474538236 0.186082805253 0.207551992844 
0.281346759015 0.250391701123 0.260609371973 0.275461320629 0.226104124811 0.1471156836 0.153333333333 0.163197166122 0.155716467689 0.246289806956 0.24980023968 0.23520348135 0.24980023968 
0.250391701123 0.260609371973 0.275461320629 0.226104124811 0.1471156836 0.153333333333 0.163197166122 0.155716467689 0.246289806956 0.24980023968 0.23520348135 0.24980023968 0.245606967484 
0.260609371973 0.275461320629 0.226104124811 0.1471156836 0.153333333333 0.163197166122 0.155716467689 0.246289806956 0.24980023968 0.23520348135 0.24980023968 0.245606967484 0.25551388172 
0.314100905998 0.303916974722 0.304598306266 0.314100905998 0.294140874595 0.186022545403 0.166830464321 0.149759719292 0.136988197161 0.12826948783 0.138269435724 0.122236167414 0.123196314061 
0.303916974722 0.304598306266 0.314100905998 0.294140874595 0.186022545403 0.166830464321 0.149759719292 0.136988197161 0.12826948783 0.138269435724 0.122236167414 0.123196314061 0.16 
0.304598306266 0.314100905998 0.294140874595 0.186022545403 0.166830464321 0.149759719292 0.136988197161 0.12826948783 0.138269435724 0.122236167414 0.123196314061 0.16 0.171094235574 
0.314100905998 0.294140874595 0.186022545403 0.166830464321 0.149759719292 0.136988197161 0.12826948783 0.138269435724 0.122236167414 0.123196314061 0.16 0.171094235574 0.176402611013 
0.318232110983 0.353022021212 0.271007524784 0.163333333333 0.166594422758 0.149782910869 0.151850020295 0.165568788833 0.154492145681 0.16456438959 0.161310167012 0.142797520357 0.12407353746 
0.353022021212 0.271007524784 0.163333333333 0.166594422758 0.149782910869 0.151850020295 0.165568788833 0.154492145681 0.16456438959 0.161310167012 0.142797520357 0.12407353746 0.13157353746 
0.271007524784 0.163333333333 0.166594422758 0.149782910869 0.151850020295 0.165568788833 0.154492145681 0.16456438959 0.161310167012 0.142797520357 0.12407353746 0.13157353746 0.144834626884 
0.163333333333 0.166594422758 0.149782910869 0.151850020295 0.165568788833 0.154492145681 0.16456438959 0.161310167012 0.142797520357 0.12407353746 0.13157353746 0.144834626884 0.163197166122 
0.166594422758 0.149782910869 0.151850020295 0.165568788833 0.154492145681 0.16456438959 0.161310167012 0.142797520357 0.12407353746 0.13157353746 0.144834626884 0.163197166122 0.139350902723 
0.149782910869 0.151850020295 0.165568788833 0.154492145681 0.16456438959 0.161310167012 0.142797520357 0.12407353746 0.13157353746 0.144834626884 0.163197166122 0.139350902723 0.135772554393 
0.151850020295 0.165568788833 0.154492145681 0.16456438959 0.161310167012 0.142797520357 0.12407353746 0.13157353746 0.144834626884 0.163197166122 0.139350902723 0.135772554393 0.123147074919 
0.165568788833 0.154492145681 0.16456438959 0.161310167012 0.142797520357 0.12407353746 0.13157353746 0.144834626884 0.163197166122 0.139350902723 0.135772554393 0.123147074919 0.14157353746 
0.154492145681 0.16456438959 0.161310167012 0.142797520357 0.12407353746 0.13157353746 0.144834626884 0.163197166122 0.139350902723 0.135772554393 0.123147074919 0.14157353746 0.156923076923 
0.16456438959 0.161310167012 0.142797520357 0.12407353746 0.13157353746 0.144834626884 0.163197166122 0.139350902723 0.135772554393 0.123147074919 0.14157353746 0.156923076923 0.186082805253 
0.161310167012 0.142797520357 0.12407353746 0.13157353746 0.144834626884 0.163197166122 0.139350902723 0.135772554393 0.123147074919 0.14157353746 0.156923076923 0.186082805253 0.294358534796 
0.142797520357 0.12407353746 0.13157353746 0.144834626884 0.163197166122 0.139350902723 0.135772554393 0.123147074919 0.14157353746 0.156923076923 0.186082805253 0.294358534796 0.293919872494 
0.273943616109 0.298930289715 0.283784908226 0.269416131947 0.235002448809 0.139709171038 0.129777069498 0.104826831843 0.131004205182 0.118488716132 0.121378582746 0.12157353746 0.176474524728 
0.298930289715 0.283784908226 0.269416131947 0.235002448809 0.139709171038 0.129777069498 0.104826831843 0.131004205182 0.118488716132 0.121378582746 0.12157353746 0.176474524728 0.187490572246 
0.283784908226 0.269416131947 0.235002448809 0.139709171038 0.129777069498 0.104826831843 0.131004205182 0.118488716132 0.121378582746 0.12157353746 0.176474524728 0.187490572246 0.1863946206 
0.269416131947 0.235002448809 0.139709171038 0.129777069498 0.104826831843 0.131004205182 0.118488716132 0.121378582746 0.12157353746 0.176474524728 0.187490572246 0.1863946206 0.219824210919 
0.270199474907 0.286095887135 0.274788338814 0.275769740521 0.254803771463 0.18375 0.151752489671 0.134011364115 0.128303006164 0.152689862858 0.156923076923 0.195066556916 0.252392869172 
0.286095887135 0.274788338814 0.275769740521 0.254803771463 0.18375 0.151752489671 0.134011364115 0.128303006164 0.152689862858 0.156923076923 0.195066556916 0.252392869172 0.220175083737 
0.287433833627 0.29490502815 0.281144021116 0.276378241455 0.22193173441 0.175898033867 0.145959209594 0.132444067111 0.153081530227 0.161538760523 0.164427238714 0.179487179487 0.209935897436 
0.29490502815 0.281144021116 0.276378241455 0.22193173441 0.175898033867 0.145959209594 0.132444067111 0.153081530227 0.161538760523 0.164427238714 0.179487179487 0.209935897436 0.210889205712 
0.281144021116 0.276378241455 0.22193173441 0.175898033867 0.145959209594 0.132444067111 0.153081530227 0.161538760523 0.164427238714 0.179487179487 0.209935897436 0.210889205712 0.216486291386 
0.270967413039 0.260844272623 0.25550898167 0.22877177572 0.216870967165 0.153953840579 0.130240339703 0.142852965711 0.140758313927 0.120739785863 0.142238340929 0.175732971162 0.185412384953 
0.260844272623 0.25550898167 0.22877177572 0.216870967165 0.153953840579 0.130240339703 0.142852965711 0.140758313927 0.120739785863 0.142238340929 0.175732971162 0.185412384953 0.208379530538 
0.245302547107 0.244823415196 0.233786129319 0.231503032409 0.219208011746 0.13953108921 0.142389260727 0.193219955658 0.140702642701 0.16657367926 0.188258852453 0.192689705336 0.198547085546 
0.244823415196 0.233786129319 0.231503032409 0.219208011746 0.13953108921 0.142389260727 0.193219955658 0.140702642701 0.16657367926 0.188258852453 0.192689705336 0.198547085546 0.16764499978 
0.233786129319 0.231503032409 0.219208011746 0.13953108921 0.142389260727 0.193219955658 0.140702642701 0.16657367926 0.188258852453 0.192689705336 0.198547085546 0.16764499978 0.118417784867 
0.231503032409 0.219208011746 0.13953108921 0.142389260727 0.193219955658 0.140702642701 0.16657367926 0.188258852453 0.192689705336 0.198547085546 0.16764499978 0.118417784867 0.130383032136 
0.219208011746 0.13953108921 0.142389260727 0.193219955658 0.140702642701 0.16657367926 0.188258852453 0.192689705336 0.198547085546 0.16764499978 0.118417784867 0.130383032136 0.164390346107 
0.13953108921 0.142389260727 0.193219955658 0.140702642701 0.16657367926 0.188258852453 0.192689705336 0.198547085546 0.16764499978 0.118417784867 0.130383032136 0.164390346107 0.210821605261 
0.142389260727 0.193219955658 0.140702642701 0.16657367926 0.188258852453 0.192689705336 0.198547085546 0.16764499978 0.118417784867 0.130383032136 0.164390346107 0.210821605261 0.266396228835 
0.193219955658 0.140702642701 0.16657367926 0.188258852453 0.192689705336 0.198547085546 0.16764499978 0.118417784867 0.130383032136 0.164390346107 0.210821605261 0.266396228835 0.259126519877 
0.153754377037 0.148944875233 0.186551057769 0.111942306872 0.127276272324 0.117724263326 0.114637588479 0.137285008241 0.126834827483 0.135520230142 0.154293344321 0.130733655542 0.130733655542
0.126834827483 0.135520230142 0.154293344321 0.130733655542 0.126387854089 0.149957431552 0.183479907682 0.200515347612 0.212168508388 0.18474504632 0.179794845525 0.171173241216 0.137475163507 
0.271049340129 0.244808649597 0.305160065564 0.271602078417 0.122299816625 0.115364890573 0.160365002259 0.161001807685 0.146384788788 0.149660398776 0.138518953388 0.175765667073 0.175765667073
0.244808649597 0.305160065564 0.271602078417 0.122299816625 0.115364890573 0.160365002259 0.161001807685 0.146384788788 0.149660398776 0.138518953388 0.175765667073 0.203535018925 0.203535018925 
0.305160065564 0.271602078417 0.122299816625 0.115364890573 0.160365002259 0.161001807685 0.146384788788 0.149660398776 0.138518953388 0.175765667073 0.203535018925 0.183280070216 0.183280070216 
0.149660398776 0.138518953388 0.175765667073 0.203535018925 0.183280070216 0.112906090107 0.118562350895 0.1247522425 0.11193748359 0.126443415449 0.155912852702 0.150459993347 0.15649186906 
0.138518953388 0.175765667073 0.203535018925 0.183280070216 0.112906090107 0.118562350895 0.1247522425 0.11193748359 0.126443415449 0.155912852702 0.150459993347 0.15649186906 0.177636031102 
0.175765667073 0.203535018925 0.183280070216 0.112906090107 0.118562350895 0.1247522425 0.11193748359 0.126443415449 0.155912852702 0.150459993347 0.15649186906 0.177636031102 0.150581836604 
0.217405188031 0.185176764523 0.20883654715 0.198834754434 0.199306437028 0.108569218062 0.0480414026265 0.0599840191744 0.0880704072951 0.0661918674836 0.105342715849 0.116701318376 0.11849851662 
0.185176764523 0.20883654715 0.198834754434 0.199306437028 0.108569218062 0.0480414026265 0.0599840191744 0.0880704072951 0.0661918674836 0.105342715849 0.116701318376 0.11849851662 0.124825258661 
0.20883654715 0.198834754434 0.199306437028 0.108569218062 0.0480414026265 0.0599840191744 0.0880704072951 0.0661918674836 0.105342715849 0.116701318376 0.11849851662 0.124825258661 0.139698535552 
0.155514919884 0.148960751253 0.136503804881 0.138931970525 0.130632188508 0.14383272518 0.0992607727684 0.0932834098996 0.0843973862125 0.149031382124 0.16553739799 0.205862630572 0.206852825708 
0.148960751253 0.136503804881 0.138931970525 0.130632188508 0.14383272518 0.0992607727684 0.0932834098996 0.0843973862125 0.149031382124 0.16553739799 0.205862630572 0.206852825708 0.197295638801 
0.17985617257 0.187346027864 0.176402611013 0.187384024529 0.170534969805 0.103727107737 0.132445817068 0.14893180915 0.156866244202 0.155300841098 0.134078811026 0.121525594983 0.121525594983 
0.187346027864 0.176402611013 0.187384024529 0.170534969805 0.103727107737 0.132445817068 0.14893180915 0.156866244202 0.155300841098 0.134078811026 0.121525594983 0.121525594983 0.130490831026 
0.176402611013 0.187384024529 0.170534969805 0.103727107737 0.132445817068 0.14893180915 0.156866244202 0.155300841098 0.134078811026 0.121525594983 0.121525594983 0.130490831026 0.109208892434 
0.187384024529 0.170534969805 0.103727107737 0.132445817068 0.14893180915 0.156866244202 0.155300841098 0.134078811026 0.121525594983 0.121525594983 0.130490831026 0.109208892434 0.138868054425 
0.244907646829 0.249904115047 0.25958598621 0.255299366304 0.177705580984 0.15163109288 0.175481559449 0.189730523237 0.195307418037 0.171167132954 0.170861862111 0.163261089424 0.199840191744 
0.249904115047 0.25958598621 0.255299366304 0.177705580984 0.15163109288 0.175481559449 0.189730523237 0.195307418037 0.171167132954 0.170861862111 0.163261089424 0.199840191744 0.180791651744 
0.25958598621 0.255299366304 0.177705580984 0.15163109288 0.175481559449 0.189730523237 0.195307418037 0.171167132954 0.170861862111 0.163261089424 0.199840191744 0.180791651744 0.161189644775 
0.255299366304 0.177705580984 0.15163109288 0.175481559449 0.189730523237 0.195307418037 0.171167132954 0.170861862111 0.163261089424 0.199840191744 0.180791651744 0.161189644775 0.119061586521 
0.177705580984 0.15163109288 0.175481559449 0.189730523237 0.195307418037 0.171167132954 0.170861862111 0.163261089424 0.199840191744 0.180791651744 0.161189644775 0.119061586521 0.135579326384 
0.15163109288 0.175481559449 0.189730523237 0.195307418037 0.171167132954 0.170861862111 0.163261089424 0.199840191744 0.180791651744 0.161189644775 0.119061586521 0.135579326384 0.158089226212 
0.175481559449 0.189730523237 0.195307418037 0.171167132954 0.170861862111 0.163261089424 0.199840191744 0.180791651744 0.161189644775 0.119061586521 0.135579326384 0.158089226212 0.177354018277 
0.189730523237 0.195307418037 0.171167132954 0.170861862111 0.163261089424 0.199840191744 0.180791651744 0.161189644775 0.119061586521 0.135579326384 0.158089226212 0.177354018277 0.209920095872 
0.195307418037 0.171167132954 0.170861862111 0.163261089424 0.199840191744 0.180791651744 0.161189644775 0.119061586521 0.135579326384 0.158089226212 0.177354018277 0.209920095872 0.196002901125 
0.302036508724 0.292812867432 0.289740190223 0.318031191227 0.206678730571 0.139231910973 0.130643687258 0.138489019933 0.162493000397 0.162493000397 0.119160949957 0.110150567748 0.121525594983 
0.292812867432 0.289740190223 0.318031191227 0.206678730571 0.139231910973 0.130643687258 0.138489019933 0.162493000397 0.162493000397 0.119160949957 0.110150567748 0.121525594983 0.150902530834 
0.289740190223 0.318031191227 0.206678730571 0.139231910973 0.130643687258 0.138489019933 0.162493000397 0.162493000397 0.119160949957 0.110150567748 0.121525594983 0.150902530834 0.199920095872 
0.318031191227 0.206678730571 0.139231910973 0.130643687258 0.138489019933 0.162493000397 0.162493000397 0.119160949957 0.110150567748 0.121525594983 0.150902530834 0.199920095872 0.19 
0.206678730571 0.139231910973 0.130643687258 0.138489019933 0.162493000397 0.162493000397 0.119160949957 0.110150567748 0.121525594983 0.150902530834 0.199920095872 0.19 0.184981056256 
0.139231910973 0.130643687258 0.138489019933 0.162493000397 0.162493000397 0.119160949957 0.110150567748 0.121525594983 0.150902530834 0.199920095872 0.19 0.184981056256 0.22106962472 
0.130643687258 0.138489019933 0.162493000397 0.162493000397 0.119160949957 0.110150567748 0.121525594983 0.150902530834 0.199920095872 0.19 0.184981056256 0.22106962472 0.219912105459 
0.255209266866 0.275469670358 0.275769740521 0.265094891461 0.178453977691 0.161563580699 0.135155836414 0.123920720683 0.133731056256 0.197105956861 0.220739069456 0.235299366304 0.252701011406 
0.275469670358 0.275769740521 0.265094891461 0.178453977691 0.161563580699 0.135155836414 0.123920720683 0.133731056256 0.197105956861 0.220739069456 0.235299366304 0.252701011406 0.250057070914 
0.260325464819 0.275486895963 0.26141379158 0.269800409185 0.170106126273 0.149936076698 0.151558853299 0.137052876028 0.12157353746 0.10016025641 0.137202030788 0.148154133179 0.196954308389 
0.275486895963 0.26141379158 0.269800409185 0.170106126273 0.149936076698 0.151558853299 0.137052876028 0.12157353746 0.10016025641 0.137202030788 0.148154133179 0.196954308389 0.196954308389 
0.26141379158 0.269800409185 0.170106126273 0.149936076698 0.151558853299 0.137052876028 0.12157353746 0.10016025641 0.137202030788 0.148154133179 0.196954308389 0.196954308389 0.201561709384 
0.302068159164 0.27707224787 0.282752702272 0.279090480321 0.192902735111 0.126729695257 0.15402332102 0.148538748564 0.117178332157 0.109096307373 0.130483726065 0.17105550281 0.216592595167 
0.27707224787 0.282752702272 0.279090480321 0.192902735111 0.126729695257 0.15402332102 0.148538748564 0.117178332157 0.109096307373 0.130483726065 0.17105550281 0.216592595167 0.23520348135 
0.282752702272 0.279090480321 0.192902735111 0.126729695257 0.15402332102 0.148538748564 0.117178332157 0.109096307373 0.130483726065 0.17105550281 0.216592595167 0.23520348135 0.269752535211 
0.297824668004 0.302612574385 0.292201936553 0.313190972473 0.204797044953 0.144084509502 0.148545853525 0.151850020295 0.167171154275 0.215340766417 0.241009799895 0.26465552514 0.263974193596 
0.303944430026 0.295658348687 0.302324523543 0.294996784276 0.285155488972 0.190460377353 0.145838115216 0.1225 0.158042861559 0.181094657594 0.237419025477 0.221302295489 0.265660730766 
0.295658348687 0.302324523543 0.294996784276 0.285155488972 0.190460377353 0.145838115216 0.1225 0.158042861559 0.181094657594 0.237419025477 0.221302295489 0.265660730766 0.271715281654 
0.276552504745 0.275995525212 0.276552504745 0.276552504745 0.279816692797 0.177354018277 0.140224358974 0.148868054425 0.133674139702 0.128491400246 0.174507292403 0.225595200825 0.269450263629 
0.275995525212 0.276552504745 0.276552504745 0.279816692797 0.177354018277 0.140224358974 0.148868054425 0.133674139702 0.128491400246 0.174507292403 0.225595200825 0.269450263629 0.254493633039 
0.276552504745 0.276552504745 0.279816692797 0.177354018277 0.140224358974 0.148868054425 0.133674139702 0.128491400246 0.174507292403 0.225595200825 0.269450263629 0.254493633039 0.265623293223 
0.311322848501 0.335444040867 0.346094285353 0.320280170928 0.242535625036 0.145833333333 0.114190392293 0.13 0.117649683152 0.157985154285 0.211570078882 0.254217796897 0.245339149344 
0.335444040867 0.346094285353 0.320280170928 0.242535625036 0.145833333333 0.114190392293 0.13 0.117649683152 0.157985154285 0.211570078882 0.254217796897 0.245339149344 0.273961105356 
0.291916439922 0.273902961981 0.29354400568 0.294329339133 0.227364447706 0.145889409227 0.13710705896 0.136039014045 0.122452057523 0.124122776602 0.117692307692 0.167657358113 0.20561118165 
0.273902961981 0.29354400568 0.294329339133 0.227364447706 0.145889409227 0.13710705896 0.136039014045 0.122452057523 0.124122776602 0.117692307692 0.167657358113 0.20561118165 0.226543752865 
0.29354400568 0.294329339133 0.227364447706 0.145889409227 0.13710705896 0.136039014045 0.122452057523 0.124122776602 0.117692307692 0.167657358113 0.20561118165 0.226543752865 0.24200086601 
0.314697774913 0.314100905998 0.314721500745 0.314753151184 0.304136404136 0.163333333333 0.117692307692 0.137307692308 0.177392014942 0.207897725241 0.240635194089 0.275844089939 0.293925096105 
0.304537569469 0.278775026146 0.268437746097 0.268437746097 0.231676395732 0.147257963677 0.15059129701 0.117649683152 0.118461562243 0.127454322046 0.177464719864 0.188335431793 0.211385180636 
0.278775026146 0.268437746097 0.268437746097 0.231676395732 0.147257963677 0.15059129701 0.117649683152 0.118461562243 0.127454322046 0.177464719864 0.188335431793 0.211385180636 0.229528746286 
0.32316713206 0.313996632783 0.319668242837 0.319668242837 0.28998227196 0.161189644775 0.176802534838 0.175993673212 0.11415044023 0.132853453246 0.149719697449 0.180668569494 0.200468572335 
0.313996632783 0.319668242837 0.319668242837 0.28998227196 0.161189644775 0.176802534838 0.175993673212 0.11415044023 0.132853453246 0.149719697449 0.180668569494 0.200468572335 0.240662791692 
0.319668242837 0.319668242837 0.28998227196 0.161189644775 0.176802534838 0.175993673212 0.11415044023 0.132853453246 0.149719697449 0.180668569494 0.200468572335 0.240662791692 0.236690963161 
0.303936560468 0.314478864166 0.298756797582 0.28960183031 0.20192685071 0.146031023632 0.136086956522 0.155447921985 0.15059129701 0.191592598658 0.206946317976 0.234101831383 0.232302833267 
0.314478864166 0.298756797582 0.28960183031 0.20192685071 0.146031023632 0.136086956522 0.155447921985 0.15059129701 0.191592598658 0.206946317976 0.234101831383 0.232302833267 0.2175510089 
0.326552404653 0.336954035699 0.327012617648 0.30296505199 0.231481242141 0.158131689235 0.169564790615 0.176638888387 0.154658623532 0.149374448553 0.135217391304 0.156818515663 0.144539443268 
0.336954035699 0.327012617648 0.30296505199 0.231481242141 0.158131689235 0.169564790615 0.176638888387 0.154658623532 0.149374448553 0.135217391304 0.156818515663 0.144539443268 0.1721996861 
0.327012617648 0.30296505199 0.231481242141 0.158131689235 0.169564790615 0.176638888387 0.154658623532 0.149374448553 0.135217391304 0.156818515663 0.144539443268 0.1721996861 0.25660345559 
0.30296505199 0.231481242141 0.158131689235 0.169564790615 0.176638888387 0.154658623532 0.149374448553 0.135217391304 0.156818515663 0.144539443268 0.1721996861 0.25660345559 0.28703829092 
0.308414836315 0.309049890691 0.328849181806 0.324621146302 0.21850516615 0.144147722923 0.166874448553 0.156818515663 0.145770119913 0.122445817068 0.162722468462 0.177942455302 0.215369791426 
0.309049890691 0.328849181806 0.324621146302 0.21850516615 0.144147722923 0.166874448553 0.156818515663 0.145770119913 0.122445817068 0.162722468462 0.177942455302 0.215369791426 0.254862620797 
0.328849181806 0.324621146302 0.21850516615 0.144147722923 0.166874448553 0.156818515663 0.145770119913 0.122445817068 0.162722468462 0.177942455302 0.215369791426 0.254862620797 0.280967526904 
0.240794575916 0.251119390563 0.230714022723 0.240154323666 0.231589820238 0.170420342215 0.114483997958 0.118075065282 0.113327813732 0.118417784867 0.159042869484 0.197810124994 0.212969672527 
0.251119390563 0.230714022723 0.240154323666 0.231589820238 0.170420342215 0.114483997958 0.118075065282 0.113327813732 0.118417784867 0.159042869484 0.197810124994 0.212969672527 0.22668829209 
0.22715647928 0.226697358973 0.212360336325 0.236378729405 0.257070812685 0.175702375225 0.129220364854 0.141710156327 0.141384773988 0.179830409858 0.216544488845 0.217071262835 0.238666483393 
0.226697358973 0.212360336325 0.236378729405 0.257070812685 0.175702375225 0.129220364854 0.141710156327 0.141384773988 0.179830409858 0.216544488845 0.217071262835 0.238666483393 0.247250242835 
0.254217796897 0.250738402459 0.26024100219 0.264486190802 0.227341813697 0.142916666667 0.163523750513 0.153333333333 0.174916149289 0.200159167033 0.153333333333 0.147307692308 0.124190392293 
0.250738402459 0.26024100219 0.264486190802 0.227341813697 0.142916666667 0.163523750513 0.153333333333 0.174916149289 0.200159167033 0.153333333333 0.147307692308 0.124190392293 0.127259749831 
0.26024100219 0.264486190802 0.227341813697 0.142916666667 0.163523750513 0.153333333333 0.174916149289 0.200159167033 0.153333333333 0.147307692308 0.124190392293 0.127259749831 0.140161145554 
0.264486190802 0.227341813697 0.142916666667 0.163523750513 0.153333333333 0.174916149289 0.200159167033 0.153333333333 0.147307692308 0.124190392293 0.127259749831 0.140161145554 0.137257963677 
0.227341813697 0.142916666667 0.163523750513 0.153333333333 0.174916149289 0.200159167033 0.153333333333 0.147307692308 0.124190392293 0.127259749831 0.140161145554 0.137257963677 0.168034871147 
0.142916666667 0.163523750513 0.153333333333 0.174916149289 0.200159167033 0.153333333333 0.147307692308 0.124190392293 0.127259749831 0.140161145554 0.137257963677 0.168034871147 0.186962298802 
0.294295108832 0.28534668967 0.274820955437 0.256809166475 0.181255977994 0.140224358974 0.130608974359 0.141392655486 0.130503136398 0.133407909367 0.122916666667 0.160184166347 0.166923076923 
0.28534668967 0.274820955437 0.256809166475 0.181255977994 0.140224358974 0.130608974359 0.141392655486 0.130503136398 0.133407909367 0.122916666667 0.160184166347 0.166923076923 0.177418658531 
0.274820955437 0.256809166475 0.181255977994 0.140224358974 0.130608974359 0.141392655486 0.130503136398 0.133407909367 0.122916666667 0.160184166347 0.166923076923 0.177418658531 0.197488499351 
0.256809166475 0.181255977994 0.140224358974 0.130608974359 0.141392655486 0.130503136398 0.133407909367 0.122916666667 0.160184166347 0.166923076923 0.177418658531 0.197488499351 0.226006677371 
0.278706140001 0.265256991432 0.260455478038 0.275189841657 0.193438651076 0.143333333333 0.134539443268 0.133581716919 0.142860733777 0.161481927803 0.207773281973 0.231534127179 0.257152331322 
0.265256991432 0.260455478038 0.275189841657 0.193438651076 0.143333333333 0.134539443268 0.133581716919 0.142860733777 0.161481927803 0.207773281973 0.231534127179 0.257152331322 0.266292582056 
0.309624776291 0.305438036935 0.288197878789 0.298656092288 0.256324833024 0.158155357331 0.142860733777 0.142916666667 0.151923375908 0.150519053101 0.161538760523 0.206946317976 0.256148348857 
0.305438036935 0.288197878789 0.298656092288 0.256324833024 0.158155357331 0.142860733777 0.142916666667 0.151923375908 0.150519053101 0.161538760523 0.206946317976 0.256148348857 0.256894201207 
0.274454343588 0.275135675132 0.275435745295 0.275135675132 0.196501457711 0.144199016934 0.163261089424 0.129807692308 0.153333333333 0.15489888038 0.1646156836 0.114756448323 0.160256410256 
0.275135675132 0.275435745295 0.275135675132 0.196501457711 0.144199016934 0.163261089424 0.129807692308 0.153333333333 0.15489888038 0.1646156836 0.114756448323 0.160256410256 0.137019032181 
0.275435745295 0.275135675132 0.196501457711 0.144199016934 0.163261089424 0.129807692308 0.153333333333 0.15489888038 0.1646156836 0.114756448323 0.160256410256 0.137019032181 0.15402332102 
0.275135675132 0.196501457711 0.144199016934 0.163261089424 0.129807692308 0.153333333333 0.15489888038 0.1646156836 0.114756448323 0.160256410256 0.137019032181 0.15402332102 0.197905715653 
0.196501457711 0.144199016934 0.163261089424 0.129807692308 0.153333333333 0.15489888038 0.1646156836 0.114756448323 0.160256410256 0.137019032181 0.15402332102 0.197905715653 0.215369791426 
0.144199016934 0.163261089424 0.129807692308 0.153333333333 0.15489888038 0.1646156836 0.114756448323 0.160256410256 0.137019032181 0.15402332102 0.197905715653 0.215369791426 0.245195490937 
0.163261089424 0.129807692308 0.153333333333 0.15489888038 0.1646156836 0.114756448323 0.160256410256 0.137019032181 0.15402332102 0.197905715653 0.215369791426 0.245195490937 0.254527935322 
0.279453978813 0.269752535211 0.271321333109 0.279816692797 0.210562653167 0.151873647277 0.159420289855 0.146086956522 0.158522068786 0.147318012778 0.1225 0.13876124007 0.17985617257 
0.269752535211 0.271321333109 0.279816692797 0.210562653167 0.151873647277 0.159420289855 0.146086956522 0.158522068786 0.147318012778 0.1225 0.13876124007 0.17985617257 0.196954308389 
0.271321333109 0.279816692797 0.210562653167 0.151873647277 0.159420289855 0.146086956522 0.158522068786 0.147318012778 0.1225 0.13876124007 0.17985617257 0.196954308389 0.235487571298 
0.32740261026 0.31772687321 0.336018179456 0.279294672318 0.195035007137 0.153333333333 0.150568781732 0.140161145554 0.201189726105 0.261366688615 0.286300558353 0.295631838652 0.304220573272 
0.31772687321 0.336018179456 0.279294672318 0.195035007137 0.153333333333 0.150568781732 0.140161145554 0.201189726105 0.261366688615 0.286300558353 0.295631838652 0.304220573272 0.313821122881 
0.242317129056 0.240984758874 0.256784457884 0.257519030982 0.214189904127 0.13280551077 0.157253105811 0.15778692083 0.161009140362 0.112035390857 0.121708892434 0.141850072401 0.172362028089 
0.240984758874 0.256784457884 0.257519030982 0.214189904127 0.13280551077 0.157253105811 0.15778692083 0.161009140362 0.112035390857 0.121708892434 0.141850072401 0.172362028089 0.216596669125 
0.256784457884 0.257519030982 0.214189904127 0.13280551077 0.157253105811 0.15778692083 0.161009140362 0.112035390857 0.121708892434 0.141850072401 0.172362028089 0.216596669125 0.245331466583 
0.29961817017 0.290407105782 0.299724731522 0.299724731522 0.260154774215 0.16427653611 0.125640834464 0.116827948894 0.121153776097 0.161189644775 0.221510156789 0.240274802347 0.250490150955 
0.290407105782 0.299724731522 0.299724731522 0.260154774215 0.16427653611 0.125640834464 0.116827948894 0.121153776097 0.161189644775 0.221510156789 0.240274802347 0.250490150955 0.2711611537 
0.299724731522 0.299724731522 0.260154774215 0.16427653611 0.125640834464 0.116827948894 0.121153776097 0.161189644775 0.221510156789 0.240274802347 0.250490150955 0.2711611537 0.306301645417 
0.319410864557 0.319369360044 0.319410864557 0.310752179924 0.199960695971 0.123165296275 0.141910627284 0.125107893938 0.154559750711 0.166874448553 0.184454055213 0.22595720608 0.25061103023 
0.319369360044 0.319410864557 0.310752179924 0.199960695971 0.123165296275 0.141910627284 0.125107893938 0.154559750711 0.166874448553 0.184454055213 0.22595720608 0.25061103023 0.266576984203 
0.300545709488 0.265117262195 0.280583249666 0.279905957181 0.260632924172 0.160184166347 0.119078140211 0.1284124087 0.131994806878 0.152789529944 0.168040597842 0.181757817118 0.215304711257 
0.265117262195 0.280583249666 0.279905957181 0.260632924172 0.160184166347 0.119078140211 0.1284124087 0.131994806878 0.152789529944 0.168040597842 0.181757817118 0.215304711257 0.21129349166 
0.306986445907 0.277661737847 0.286519410141 0.294844088699 0.268999054784 0.176259880349 0.143288841293 0.13994336085 0.142888917436 0.134992295614 0.13966329738 0.176462037534 0.22086305215 
0.277661737847 0.286519410141 0.294844088699 0.268999054784 0.176259880349 0.143288841293 0.13994336085 0.142888917436 0.134992295614 0.13966329738 0.176462037534 0.22086305215 0.234323358659 
0.286519410141 0.294844088699 0.268999054784 0.176259880349 0.143288841293 0.13994336085 0.142888917436 0.134992295614 0.13966329738 0.176462037534 0.22086305215 0.234323358659 0.240616011718 
0.294844088699 0.268999054784 0.176259880349 0.143288841293 0.13994336085 0.142888917436 0.134992295614 0.13966329738 0.176462037534 0.22086305215 0.234323358659 0.240616011718 0.240880293432 
0.269252648652 0.290897724049 0.282736593577 0.25945945675 0.18594243833 0.172642484821 0.146143346598 0.166404417453 0.210907785267 0.251391765536 0.294718812035 0.2904843091 0.276474611229 
0.290897724049 0.282736593577 0.25945945675 0.18594243833 0.172642484821 0.146143346598 0.166404417453 0.210907785267 0.251391765536 0.294718812035 0.2904843091 0.276474611229 0.293975048469 
0.337550070919 0.328890078558 0.325658846279 0.32766701273 0.260294401016 0.13853277359 0.107131442406 0.13618059642 0.119208892434 0.138817172959 0.159272934151 0.205450758623 0.235998686958 
0.328890078558 0.325658846279 0.32766701273 0.260294401016 0.13853277359 0.107131442406 0.13618059642 0.119208892434 0.138817172959 0.159272934151 0.205450758623 0.235998686958 0.23520348135 
0.325658846279 0.32766701273 0.260294401016 0.13853277359 0.107131442406 0.13618059642 0.119208892434 0.138817172959 0.159272934151 0.205450758623 0.235998686958 0.23520348135 0.239867586084 
0.256031495118 0.2457343225 0.250344018642 0.236569276909 0.246159446655 0.138677124008 0.158497225154 0.153205156535 0.125155836414 0.128540835796 0.151231056256 0.166989715839 0.20024947192 
0.2457343225 0.250344018642 0.236569276909 0.246159446655 0.138677124008 0.158497225154 0.153205156535 0.125155836414 0.128540835796 0.151231056256 0.166989715839 0.20024947192 0.227076498426 
0.250344018642 0.236569276909 0.246159446655 0.138677124008 0.158497225154 0.153205156535 0.125155836414 0.128540835796 0.151231056256 0.166989715839 0.20024947192 0.227076498426 0.206107619735 
