0.319852304542 0.243468191176 0.284414344785 0.274617643622 0.274852774747 0.201330958377 0.131221715269 0.131907096359 0.109581269298 0.133562424358 0.173585700755 0.226831055313 0.231962096037 
0.243468191176 0.284414344785 0.274617643622 0.274852774747 0.201330958377 0.131221715269 0.131907096359 0.109581269298 0.133562424358 0.173585700755 0.226831055313 0.231962096037 0.242632884402 
0.245988208979 0.250093388272 0.25143459001 0.250531519787 0.229261003944 0.132948192991 0.141811253584 0.133975247931 0.0900292230817 0.107699255 0.16205040583 0.224580972077 0.226196294492 
0.250093388272 0.25143459001 0.250531519787 0.229261003944 0.132948192991 0.141811253584 0.133975247931 0.0900292230817 0.107699255 0.16205040583 0.224580972077 0.226196294492 0.219724286831 
0.282084527154 0.278180938954 0.277625066201 0.308158451767 0.265773064654 0.145194432997 0.143011876046 0.144215136553 0.175871717583 0.191170348803 0.239482452144 0.248550455832 0.252545551427 
0.278180938954 0.277625066201 0.308158451767 0.265773064654 0.145194432997 0.143011876046 0.144215136553 0.175871717583 0.191170348803 0.239482452144 0.248550455832 0.252545551427 0.242191086186 
0.277957936016 0.270391804281 0.286660556795 0.276477118516 0.27761287358 0.135986649332 0.0929535311296 0.10483019268 0.149801250137 0.231144443386 0.281312206083 0.286200951763 0.315800490884 
0.270391804281 0.286660556795 0.276477118516 0.27761287358 0.135986649332 0.0929535311296 0.10483019268 0.149801250137 0.231144443386 0.281312206083 0.286200951763 0.315800490884 0.302212671947 
0.243174688373 0.265802021852 0.229271662406 0.237435293818 0.226199841238 0.150568863965 0.0978517996176 0.0978266438598 0.103246775831 0.131581329158 0.22433396775 0.23655060125 0.264171068008 
0.265802021852 0.229271662406 0.237435293818 0.226199841238 0.150568863965 0.0978517996176 0.0978266438598 0.103246775831 0.131581329158 0.22433396775 0.23655060125 0.264171068008 0.297122409687 
0.178061079499 0.181100891995 0.172767558661 0.169888875703 0.152075010578 0.104259176946 0.132208297846 0.0992871821888 0.133600444775 0.186042831164 0.239112026409 0.249375867232 0.276395187393 
0.283571143622 0.271805404964 0.267092810449 0.275868207338 0.258505556468 0.194147890665 0.157006294616 0.131246535145 0.147398623517 0.165487114679 0.173009280801 0.191666666667 0.189508221884 
0.271805404964 0.267092810449 0.275868207338 0.258505556468 0.194147890665 0.157006294616 0.131246535145 0.147398623517 0.165487114679 0.173009280801 0.191666666667 0.189508221884 0.196774193548 
0.267092810449 0.275868207338 0.258505556468 0.194147890665 0.157006294616 0.131246535145 0.147398623517 0.165487114679 0.173009280801 0.191666666667 0.189508221884 0.196774193548 0.193631504797 
0.284746359749 0.283934439822 0.290560102976 0.283088906872 0.290686587454 0.262268668038 0.13291465198 0.125653819023 0.137665360565 0.156784965696 0.206798618399 0.238520123387 0.244383757485 
0.283934439822 0.290560102976 0.283088906872 0.290686587454 0.262268668038 0.13291465198 0.125653819023 0.137665360565 0.156784965696 0.206798618399 0.238520123387 0.244383757485 0.273970653441 
0.290560102976 0.283088906872 0.290686587454 0.262268668038 0.13291465198 0.125653819023 0.137665360565 0.156784965696 0.206798618399 0.238520123387 0.244383757485 0.273970653441 0.232986861871 
0.281907635685 0.27924481355 0.267092810449 0.277076487656 0.226928457203 0.130471046795 0.0765104278485 0.103837055421 0.0887541639377 0.097674278963 0.106667872269 0.136507610234 0.133624538562 
0.27924481355 0.267092810449 0.277076487656 0.226928457203 0.130471046795 0.0765104278485 0.103837055421 0.0887541639377 0.097674278963 0.106667872269 0.136507610234 0.133624538562 0.128897386927 
0.199778515786 0.198560889817 0.201932015189 0.195355791028 0.193581193282 0.127420958418 0.0933726989083 0.0974064863883 0.123251819702 0.130169345462 0.158292204096 0.180981867684 0.220102857411 
0.198560889817 0.201932015189 0.195355791028 0.193581193282 0.127420958418 0.0933726989083 0.0974064863883 0.123251819702 0.130169345462 0.158292204096 0.180981867684 0.220102857411 0.19249403315 
0.260132741555 0.276883194746 0.279150569876 0.267680106466 0.284309549606 0.222054934929 0.159642374082 0.159125263319 0.195522598144 0.222589092678 0.26092645331 0.249866652073 0.265386847544 
0.276883194746 0.279150569876 0.267680106466 0.284309549606 0.222054934929 0.159642374082 0.159125263319 0.195522598144 0.222589092678 0.26092645331 0.249866652073 0.265386847544 0.292638257165 
0.241972149354 0.237888694832 0.254398766511 0.239196209109 0.221197183699 0.105206703872 0.100374621265 0.108335838833 0.142753633646 0.201529713851 0.223172994844 0.242201342765 0.250687748506 
0.237888694832 0.254398766511 0.239196209109 0.221197183699 0.105206703872 0.100374621265 0.108335838833 0.142753633646 0.201529713851 0.223172994844 0.242201342765 0.250687748506 0.266598079592 
0.188813896876 0.174255380715 0.163654523516 0.171839770714 0.140833506692 0.101683312073 0.091050024491 0.0972287184069 0.135075975975 0.137119580932 0.169411173428 0.169453461552 0.198761718039 
0.319065915395 0.326662418615 0.332964192976 0.297801762397 0.218645366111 0.102992002881 0.129468629387 0.119410025851 0.14121400909 0.190727754003 0.201987524491 0.19653185957 0.176871135279 
0.326662418615 0.332964192976 0.297801762397 0.218645366111 0.102992002881 0.129468629387 0.119410025851 0.14121400909 0.190727754003 0.201987524491 0.19653185957 0.176871135279 0.177868728758 
0.332964192976 0.297801762397 0.218645366111 0.102992002881 0.129468629387 0.119410025851 0.14121400909 0.190727754003 0.201987524491 0.19653185957 0.176871135279 0.177868728758 0.186179464253 
0.216755687791 0.201330958377 0.209842134663 0.200150338346 0.206143218642 0.148792602029 0.122519596451 0.101650404306 0.115447867625 0.164116273214 0.199472061784 0.193181517032 0.186741268421 
0.164472525719 0.171595345335 0.165968763892 0.177680963981 0.147987240956 0.10620722286 0.0931930076091 0.0759160718486 0.10680533131 0.127041560696 0.163435181496 0.195590832122 0.210096205462 
0.171595345335 0.165968763892 0.177680963981 0.147987240956 0.10620722286 0.0931930076091 0.0759160718486 0.10680533131 0.127041560696 0.163435181496 0.195590832122 0.210096205462 0.179379146277 
0.165968763892 0.177680963981 0.147987240956 0.10620722286 0.0931930076091 0.0759160718486 0.10680533131 0.127041560696 0.163435181496 0.195590832122 0.210096205462 0.179379146277 0.234529627825 
0.263589126081 0.246235905437 0.262297004323 0.240354239036 0.232821439312 0.1456310798 0.1472921574 0.102002199548 0.111313788153 0.150034566505 0.19877744248 0.222938763174 0.20919478722 
0.246235905437 0.262297004323 0.240354239036 0.232821439312 0.1456310798 0.1472921574 0.102002199548 0.111313788153 0.150034566505 0.19877744248 0.222938763174 0.20919478722 0.242424130544 
0.27808837079 0.270868929489 0.243475326439 0.267619519854 0.202677212243 0.159558653878 0.156051757085 0.138196127955 0.145441912415 0.16445306798 0.182940869978 0.211763476898 0.220096163464 
0.270868929489 0.243475326439 0.267619519854 0.202677212243 0.159558653878 0.156051757085 0.138196127955 0.145441912415 0.16445306798 0.182940869978 0.211763476898 0.220096163464 0.214316277262 
0.251804033997 0.238677399526 0.238875817104 0.226233232561 0.230747082714 0.13028343894 0.142425891847 0.121462366989 0.155565441114 0.181356152148 0.168572061239 0.161907952175 0.17109222253 
0.252395937019 0.250932041392 0.250932041392 0.25926074895 0.25374211657 0.164410726566 0.13334576331 0.120763104792 0.135746054903 0.276120820707 0.291408379247 0.308799187031 0.337340287185 
0.250932041392 0.250932041392 0.25926074895 0.25374211657 0.164410726566 0.13334576331 0.120763104792 0.135746054903 0.276120820707 0.291408379247 0.308799187031 0.337340287185 0.361855684813 
0.271113849618 0.271404362402 0.254603777939 0.233903175416 0.190189476529 0.159485909037 0.12248605544 0.130983533425 0.108939620684 0.123789729227 0.154026308881 0.169976353371 0.203448275862 
0.271404362402 0.254603777939 0.233903175416 0.190189476529 0.159485909037 0.12248605544 0.130983533425 0.108939620684 0.123789729227 0.154026308881 0.169976353371 0.203448275862 0.210230805107 
0.254603777939 0.233903175416 0.190189476529 0.159485909037 0.12248605544 0.130983533425 0.108939620684 0.123789729227 0.154026308881 0.169976353371 0.203448275862 0.210230805107 0.230981314385 
0.228126225803 0.219234667292 0.205130509505 0.226471118548 0.213571080208 0.164116273214 0.10680533131 0.107965802846 0.121032829021 0.127469086109 0.174041372747 0.219443796621 0.252016938953 
0.219234667292 0.205130509505 0.226471118548 0.213571080208 0.164116273214 0.10680533131 0.107965802846 0.121032829021 0.127469086109 0.174041372747 0.219443796621 0.252016938953 0.243909531278 
0.205130509505 0.226471118548 0.213571080208 0.164116273214 0.10680533131 0.107965802846 0.121032829021 0.127469086109 0.174041372747 0.219443796621 0.252016938953 0.243909531278 0.242201342765 
0.289938266029 0.2889259658 0.286789604008 0.286167904568 0.227379734669 0.138700233832 0.150210348183 0.12318168447 0.145304073784 0.189764363966 0.255153269974 0.272186621465 0.299786465165 
0.2889259658 0.286789604008 0.286167904568 0.227379734669 0.138700233832 0.150210348183 0.12318168447 0.145304073784 0.189764363966 0.255153269974 0.272186621465 0.299786465165 0.295538134773 
0.30852028858 0.302246811369 0.312476927872 0.313878821752 0.287661727308 0.173497179379 0.160419395717 0.162534758521 0.157744380948 0.205893168993 0.245913103234 0.282359312138 0.292430606583 
0.302246811369 0.312476927872 0.313878821752 0.287661727308 0.173497179379 0.160419395717 0.162534758521 0.157744380948 0.205893168993 0.245913103234 0.282359312138 0.292430606583 0.304377862719 
0.310254977648 0.300844917489 0.292984570749 0.271223857581 0.275759644014 0.173617818266 0.103863425311 0.108393565319 0.0973508508647 0.137362427049 0.163550881615 0.192554103495 0.178733938746 
0.300844917489 0.292984570749 0.271223857581 0.275759644014 0.173617818266 0.103863425311 0.108393565319 0.0973508508647 0.137362427049 0.163550881615 0.192554103495 0.178733938746 0.208210121713 
0.192826723526 0.199778515786 0.197191686818 0.20364216641 0.196635827035 0.164716020964 0.0773844641379 0.0961393107554 0.124921837645 0.143082419914 0.166976127583 0.193430728246 0.20245420048 
0.199778515786 0.197191686818 0.20364216641 0.196635827035 0.164716020964 0.0773844641379 0.0961393107554 0.124921837645 0.143082419914 0.166976127583 0.193430728246 0.20245420048 0.200466675989 
0.233721616448 0.240087929654 0.221914742738 0.22976935291 0.223345470256 0.148348313209 0.0909307199796 0.0836342256075 0.107161670536 0.155850312009 0.180811590464 0.199778515786 0.215328948405 
0.240087929654 0.221914742738 0.22976935291 0.223345470256 0.148348313209 0.0909307199796 0.0836342256075 0.107161670536 0.155850312009 0.180811590464 0.199778515786 0.215328948405 0.2423218779 
0.240087929654 0.22354973656 0.205903285478 0.203203137423 0.205690467641 0.153393281523 0.0906553359206 0.083975148668 0.0869185934783 0.111485361562 0.104265781583 0.130437505785 0.111502768357 
0.22354973656 0.205903285478 0.203203137423 0.205690467641 0.153393281523 0.0906553359206 0.083975148668 0.0869185934783 0.111485361562 0.104265781583 0.130437505785 0.111502768357 0.127074715094 
0.205903285478 0.203203137423 0.205690467641 0.153393281523 0.0906553359206 0.083975148668 0.0869185934783 0.111485361562 0.104265781583 0.130437505785 0.111502768357 0.127074715094 0.143767117718 
0.203203137423 0.205690467641 0.153393281523 0.0906553359206 0.083975148668 0.0869185934783 0.111485361562 0.104265781583 0.130437505785 0.111502768357 0.127074715094 0.143767117718 0.133624538562 
0.205690467641 0.153393281523 0.0906553359206 0.083975148668 0.0869185934783 0.111485361562 0.104265781583 0.130437505785 0.111502768357 0.127074715094 0.143767117718 0.133624538562 0.138142394861 
0.153393281523 0.0906553359206 0.083975148668 0.0869185934783 0.111485361562 0.104265781583 0.130437505785 0.111502768357 0.127074715094 0.143767117718 0.133624538562 0.138142394861 0.128953403482 
0.0906553359206 0.083975148668 0.0869185934783 0.111485361562 0.104265781583 0.130437505785 0.111502768357 0.127074715094 0.143767117718 0.133624538562 0.138142394861 0.128953403482 0.140983870585 
0.083975148668 0.0869185934783 0.111485361562 0.104265781583 0.130437505785 0.111502768357 0.127074715094 0.143767117718 0.133624538562 0.138142394861 0.128953403482 0.140983870585 0.13683404932 
0.205116761775 0.204658243035 0.203203137423 0.199778515786 0.208432212752 0.128859241808 0.119985683202 0.116832492138 0.134872753593 0.162020994908 0.17836673403 0.186966995482 0.1770302628 
0.192286974479 0.201582208261 0.195202686187 0.19934607462 0.194103113358 0.138243068638 0.0964202965798 0.0897663203571 0.100805005644 0.118383094042 0.164853119051 0.134745282692 0.166707324843 
0.201582208261 0.195202686187 0.19934607462 0.194103113358 0.138243068638 0.0964202965798 0.0897663203571 0.100805005644 0.118383094042 0.164853119051 0.134745282692 0.166707324843 0.175062445369 
0.195202686187 0.19934607462 0.194103113358 0.138243068638 0.0964202965798 0.0897663203571 0.100805005644 0.118383094042 0.164853119051 0.134745282692 0.166707324843 0.175062445369 0.175512882665 
0.223670688685 0.254551397382 0.229668559056 0.25607376321 0.237417251695 0.208233689813 0.103480874007 0.109263359518 0.111894813523 0.111734036143 0.161778294106 0.17836673403 0.207094742366 
0.254551397382 0.229668559056 0.25607376321 0.237417251695 0.208233689813 0.103480874007 0.109263359518 0.111894813523 0.111734036143 0.161778294106 0.17836673403 0.207094742366 0.239202475601 
0.289833216583 0.273299601782 0.27383345757 0.278163752093 0.262498086575 0.213744941752 0.153303510326 0.143956485293 0.149385643612 0.197315506648 0.218432630024 0.221782160487 0.263821985505 
0.273299601782 0.27383345757 0.278163752093 0.262498086575 0.213744941752 0.153303510326 0.143956485293 0.149385643612 0.197315506648 0.218432630024 0.221782160487 0.263821985505 0.263925717988 
0.27383345757 0.278163752093 0.262498086575 0.213744941752 0.153303510326 0.143956485293 0.149385643612 0.197315506648 0.218432630024 0.221782160487 0.263821985505 0.263925717988 0.238624365094 
0.254514218433 0.252318041169 0.254514218433 0.25622528894 0.248917609643 0.138829240634 0.109911376428 0.113394349206 0.12085678667 0.175651195092 0.203424955526 0.205129885174 0.242933079663 
0.252318041169 0.254514218433 0.25622528894 0.248917609643 0.138829240634 0.109911376428 0.113394349206 0.12085678667 0.175651195092 0.203424955526 0.205129885174 0.242933079663 0.2423218779 
0.277004396113 0.259023730809 0.276103074048 0.263945086064 0.183186514546 0.141176597893 0.115496571992 0.133236769861 0.0989470537827 0.130135804452 0.148606960594 0.175651195092 0.209620650449 
0.259023730809 0.276103074048 0.263945086064 0.183186514546 0.141176597893 0.115496571992 0.133236769861 0.0989470537827 0.130135804452 0.148606960594 0.175651195092 0.209620650449 0.211326956795 
0.276103074048 0.263945086064 0.183186514546 0.141176597893 0.115496571992 0.133236769861 0.0989470537827 0.130135804452 0.148606960594 0.175651195092 0.209620650449 0.211326956795 0.242315526729 
0.237475739438 0.249375673149 0.232924603567 0.238624365094 0.216650088041 0.150192860481 0.132084711043 0.118047342066 0.110151205183 0.165129428447 0.190738573208 0.216931761595 0.229702814399 
0.249375673149 0.232924603567 0.238624365094 0.216650088041 0.150192860481 0.132084711043 0.118047342066 0.110151205183 0.165129428447 0.190738573208 0.216931761595 0.229702814399 0.230683616048 
0.233451575703 0.250538733703 0.241429948658 0.246256718798 0.232380580871 0.204381592811 0.143434286108 0.16853626651 0.175932317174 0.193595323835 0.217553213771 0.236724663719 0.24605346679 
0.271404844166 0.283686875724 0.275967318911 0.278859869137 0.267502718099 0.141841049849 0.130577306337 0.118309926831 0.162032397984 0.202091547257 0.201066232932 0.233496549184 0.24605346679 
0.208843680951 0.211279840794 0.225800147957 0.228105684252 0.241671472845 0.179295773526 0.156001214273 0.128291780903 0.113571402721 0.157439979007 0.163608765377 0.261287899651 0.271208219505 
0.211279840794 0.225800147957 0.228105684252 0.241671472845 0.179295773526 0.156001214273 0.128291780903 0.113571402721 0.157439979007 0.163608765377 0.261287899651 0.271208219505 0.286700014634 
0.225800147957 0.228105684252 0.241671472845 0.179295773526 0.156001214273 0.128291780903 0.113571402721 0.157439979007 0.163608765377 0.261287899651 0.271208219505 0.286700014634 0.286777188979 
0.228105684252 0.241671472845 0.179295773526 0.156001214273 0.128291780903 0.113571402721 0.157439979007 0.163608765377 0.261287899651 0.271208219505 0.286700014634 0.286777188979 0.286513641753 
0.184080567868 0.195200470776 0.201790328089 0.181254977611 0.19034598843 0.137803068322 0.0696907973965 0.10233232252 0.0974376626032 0.0988163481634 0.113257001787 0.129734887801 0.131783350002 
0.195200470776 0.201790328089 0.181254977611 0.19034598843 0.137803068322 0.0696907973965 0.10233232252 0.0974376626032 0.0988163481634 0.113257001787 0.129734887801 0.131783350002 0.156967783818 
0.273212835681 0.276255064045 0.28862266437 0.289100720446 0.281868546424 0.23701390875 0.082095438274 0.114165060046 0.164987583859 0.230205098312 0.258240060189 0.258240060189 0.266324678079 
0.276255064045 0.28862266437 0.289100720446 0.281868546424 0.23701390875 0.082095438274 0.114165060046 0.164987583859 0.230205098312 0.258240060189 0.258240060189 0.266324678079 0.271525849916 
0.284954502366 0.308268960628 0.297672749565 0.310056552982 0.276150267264 0.18496750579 0.12018937681 0.0976142404722 0.112311626471 0.145957061922 0.154718221255 0.19709908798 0.221929828486 
0.308268960628 0.297672749565 0.310056552982 0.276150267264 0.18496750579 0.12018937681 0.0976142404722 0.112311626471 0.145957061922 0.154718221255 0.19709908798 0.221929828486 0.198662863502 
0.297672749565 0.310056552982 0.276150267264 0.18496750579 0.12018937681 0.0976142404722 0.112311626471 0.145957061922 0.154718221255 0.19709908798 0.221929828486 0.198662863502 0.22554455658 
0.287234931289 0.288009234182 0.284323817931 0.269505650715 0.270041083628 0.269648187348 0.153717018486 0.131140539762 0.134926024325 0.133656443865 0.149427845047 0.156295569083 0.198662863502 
0.288009234182 0.284323817931 0.269505650715 0.270041083628 0.269648187348 0.153717018486 0.131140539762 0.134926024325 0.133656443865 0.149427845047 0.156295569083 0.198662863502 0.198121601097 
0.284323817931 0.269505650715 0.270041083628 0.269648187348 0.153717018486 0.131140539762 0.134926024325 0.133656443865 0.149427845047 0.156295569083 0.198662863502 0.198121601097 0.247623229559 
0.269505650715 0.270041083628 0.269648187348 0.153717018486 0.131140539762 0.134926024325 0.133656443865 0.149427845047 0.156295569083 0.198662863502 0.198121601097 0.247623229559 0.27854889282 
0.298155047785 0.29977761607 0.29729123017 0.275814083333 0.247836278591 0.128647291793 0.136507610234 0.143677229912 0.174603997509 0.169983054028 0.208264316594 0.243148472646 0.24360557697 
0.29977761607 0.29729123017 0.275814083333 0.247836278591 0.128647291793 0.136507610234 0.143677229912 0.174603997509 0.169983054028 0.208264316594 0.243148472646 0.24360557697 0.246785743483 
0.251719907776 0.228329045436 0.232167026526 0.233286715873 0.242001792672 0.172399673348 0.149223741423 0.110924223734 0.143310490364 0.17153486262 0.20710282983 0.229361204619 0.217435249271 
0.228329045436 0.232167026526 0.233286715873 0.242001792672 0.172399673348 0.149223741423 0.110924223734 0.143310490364 0.17153486262 0.20710282983 0.229361204619 0.217435249271 0.22433396775 
0.254758654805 0.25846967281 0.27200226046 0.233486980365 0.190129293923 0.145149927693 0.110385152456 0.111531273668 0.188864205523 0.263079377832 0.310211060645 0.334537516988 0.336092763242 
0.25846967281 0.27200226046 0.233486980365 0.190129293923 0.145149927693 0.110385152456 0.111531273668 0.188864205523 0.263079377832 0.310211060645 0.334537516988 0.336092763242 0.334938891041 
0.30145629153 0.301716519167 0.293447716978 0.270960478118 0.236344304747 0.134782288893 0.151885480616 0.133624538562 0.110203368338 0.102138852209 0.168677318063 0.199236316359 0.225150661712 
0.301716519167 0.293447716978 0.270960478118 0.236344304747 0.134782288893 0.151885480616 0.133624538562 0.110203368338 0.102138852209 0.168677318063 0.199236316359 0.225150661712 0.246525223752 
0.293447716978 0.270960478118 0.236344304747 0.134782288893 0.151885480616 0.133624538562 0.110203368338 0.102138852209 0.168677318063 0.199236316359 0.225150661712 0.246525223752 0.244959873707 
0.270960478118 0.236344304747 0.134782288893 0.151885480616 0.133624538562 0.110203368338 0.102138852209 0.168677318063 0.199236316359 0.225150661712 0.246525223752 0.244959873707 0.229697102698 
0.321155984911 0.317680098811 0.32129408564 0.322490674058 0.309355372504 0.173178551654 0.149385950022 0.13728211104 0.210760528474 0.273830395753 0.276395187393 0.310741189088 0.2903253391 
0.317680098811 0.32129408564 0.322490674058 0.309355372504 0.173178551654 0.149385950022 0.13728211104 0.210760528474 0.273830395753 0.276395187393 0.310741189088 0.2903253391 0.294307625576 
0.277120775571 0.275549842581 0.273049519721 0.254685278362 0.266934273621 0.241747941751 0.152401010356 0.130585126982 0.125397002261 0.176522615457 0.209015743899 0.251425036839 0.240760298272 
0.275549842581 0.273049519721 0.254685278362 0.266934273621 0.241747941751 0.152401010356 0.130585126982 0.125397002261 0.176522615457 0.209015743899 0.251425036839 0.240760298272 0.247440733967 
0.268505206611 0.286226738205 0.259767320932 0.288628304159 0.269342367056 0.164472525719 0.122641050522 0.123199716506 0.149336280764 0.187433593118 0.239088085913 0.246829789726 0.244383757485 
0.276395187393 0.268391908067 0.268391908067 0.272073225192 0.270826574832 0.169512797586 0.107036725669 0.117785573681 0.143541605423 0.146837783483 0.178974195262 0.202385590944 0.238520123387 
0.268391908067 0.268391908067 0.272073225192 0.270826574832 0.169512797586 0.107036725669 0.117785573681 0.143541605423 0.146837783483 0.178974195262 0.202385590944 0.238520123387 0.226079963524 
0.2632883238 0.279477435386 0.279477435386 0.274587518641 0.274587518641 0.136064258377 0.0848946767005 0.119183336216 0.0994845588431 0.14247890771 0.15520950099 0.183296264907 0.183823398888 
0.279477435386 0.279477435386 0.274587518641 0.274587518641 0.136064258377 0.0848946767005 0.119183336216 0.0994845588431 0.14247890771 0.15520950099 0.183296264907 0.183823398888 0.204651811505 
0.239691576478 0.233153605928 0.223456043441 0.226022421346 0.203825774901 0.0976445733762 0.0960674825646 0.0815909984277 0.0550056645587 0.103566105965 0.120549321416 0.142843564513 0.174150107334 
0.233153605928 0.223456043441 0.226022421346 0.203825774901 0.0976445733762 0.0960674825646 0.0815909984277 0.0550056645587 0.103566105965 0.120549321416 0.142843564513 0.174150107334 0.181697496166 
0.223456043441 0.226022421346 0.203825774901 0.0976445733762 0.0960674825646 0.0815909984277 0.0550056645587 0.103566105965 0.120549321416 0.142843564513 0.174150107334 0.181697496166 0.200320363633 
0.251790257333 0.239596883345 0.243533887236 0.242536183012 0.240430056822 0.165092651715 0.116601224353 0.112202443976 0.143115622226 0.140693026879 0.161601800122 0.162627680335 0.194177036727 
0.239596883345 0.243533887236 0.242536183012 0.240430056822 0.165092651715 0.116601224353 0.112202443976 0.143115622226 0.140693026879 0.161601800122 0.162627680335 0.194177036727 0.210347594354 
0.269342367056 0.269342367056 0.276685700177 0.276395187393 0.238583919475 0.152015454156 0.146303392141 0.151176897846 0.185043474837 0.226515893821 0.230810483074 0.235696498792 0.246525223752 
0.228402626347 0.229968350515 0.22509314056 0.226415137168 0.228184024177 0.138113849481 0.111802278174 0.110654878974 0.135168579607 0.182092729818 0.236344304747 0.277957936016 0.276150267264 
0.229968350515 0.22509314056 0.226415137168 0.228184024177 0.138113849481 0.111802278174 0.110654878974 0.135168579607 0.182092729818 0.236344304747 0.277957936016 0.276150267264 0.288563694295 
0.277076487656 0.251151751972 0.254276373004 0.263546084034 0.2 0.1566944787 0.108894677531 0.125687876169 0.147901885166 0.213590322043 0.203984138147 0.249988156866 0.280168567165 
0.251151751972 0.254276373004 0.263546084034 0.2 0.1566944787 0.108894677531 0.125687876169 0.147901885166 0.213590322043 0.203984138147 0.249988156866 0.280168567165 0.266216869809 
0.215133165204 0.215894001422 0.200727734595 0.209343303554 0.182863130254 0.13171022128 0.124518329796 0.12644895556 0.145101449526 0.214603657375 0.256955480936 0.307145081535 0.30367663718 
0.215894001422 0.200727734595 0.209343303554 0.182863130254 0.13171022128 0.124518329796 0.12644895556 0.145101449526 0.214603657375 0.256955480936 0.307145081535 0.30367663718 0.307145081535 
0.273300736298 0.267289590731 0.268766738989 0.277640979551 0.200044452143 0.171201374439 0.164063121109 0.199378499292 0.208757614981 0.224520837 0.23265660548 0.245562022604 0.237141521315 
0.267289590731 0.268766738989 0.277640979551 0.200044452143 0.171201374439 0.164063121109 0.199378499292 0.208757614981 0.224520837 0.23265660548 0.245562022604 0.237141521315 0.244971102538 
0.276685700177 0.302468051112 0.30145629153 0.301991724443 0.27076118292 0.18866355853 0.194966125677 0.225779831547 0.265422897455 0.295628028588 0.330164304751 0.302557088319 0.31884552941 
0.302468051112 0.30145629153 0.301991724443 0.27076118292 0.18866355853 0.194966125677 0.225779831547 0.265422897455 0.295628028588 0.330164304751 0.302557088319 0.31884552941 0.335569725646 
0.305328721487 0.297111338911 0.279487885126 0.291346638284 0.224520837 0.195355791028 0.164872476264 0.165639537807 0.162076140068 0.144339734736 0.17988147765 0.212971520777 0.226239152291 
0.297111338911 0.279487885126 0.291346638284 0.224520837 0.195355791028 0.164872476264 0.165639537807 0.162076140068 0.144339734736 0.17988147765 0.212971520777 0.226239152291 0.224341030845 
0.279487885126 0.291346638284 0.224520837 0.195355791028 0.164872476264 0.165639537807 0.162076140068 0.144339734736 0.17988147765 0.212971520777 0.226239152291 0.224341030845 0.253100441102 
0.291346638284 0.224520837 0.195355791028 0.164872476264 0.165639537807 0.162076140068 0.144339734736 0.17988147765 0.212971520777 0.226239152291 0.224341030845 0.253100441102 0.257265845654 
0.224520837 0.195355791028 0.164872476264 0.165639537807 0.162076140068 0.144339734736 0.17988147765 0.212971520777 0.226239152291 0.224341030845 0.253100441102 0.257265845654 0.234965142518 
0.247581077577 0.250921129772 0.275814083333 0.271650235542 0.267779618433 0.183838030061 0.153900921351 0.178205217136 0.162786193472 0.183377321684 0.198505693194 0.229835521615 0.269342367056 
0.250921129772 0.275814083333 0.271650235542 0.267779618433 0.183838030061 0.153900921351 0.178205217136 0.162786193472 0.183377321684 0.198505693194 0.229835521615 0.269342367056 0.276395187393 
0.275814083333 0.271650235542 0.267779618433 0.183838030061 0.153900921351 0.178205217136 0.162786193472 0.183377321684 0.198505693194 0.229835521615 0.269342367056 0.276395187393 0.272440278684 
0.298103396876 0.30145629153 0.301932618199 0.241389503038 0.187106382754 0.157773356159 0.162572305567 0.157206766025 0.163846213435 0.185043474837 0.229233303873 0.250743548184 0.239860645318 
0.30145629153 0.301932618199 0.241389503038 0.187106382754 0.157773356159 0.162572305567 0.157206766025 0.163846213435 0.185043474837 0.229233303873 0.250743548184 0.239860645318 0.27689949543 
0.220664904604 0.248079239328 0.254685278362 0.254242233843 0.228979603608 0.158990303593 0.183863787834 0.147245027012 0.173807825265 0.203891604943 0.220079671018 0.208148257029 0.230716031261 
0.248079239328 0.254685278362 0.254242233843 0.228979603608 0.158990303593 0.183863787834 0.147245027012 0.173807825265 0.203891604943 0.220079671018 0.208148257029 0.230716031261 0.254011974073 
0.235068366104 0.22433396775 0.217327714598 0.23909135461 0.231647604695 0.207991478749 0.162219751282 0.152633401983 0.149750330311 0.163179816431 0.185335310698 0.211860492915 0.221656038056 
0.22433396775 0.217327714598 0.23909135461 0.231647604695 0.207991478749 0.162219751282 0.152633401983 0.149750330311 0.163179816431 0.185335310698 0.211860492915 0.221656038056 0.18873778924 
0.217327714598 0.23909135461 0.231647604695 0.207991478749 0.162219751282 0.152633401983 0.149750330311 0.163179816431 0.185335310698 0.211860492915 0.221656038056 0.18873778924 0.226018091379 
0.234625688451 0.232840503116 0.244312067752 0.242780151791 0.246940624676 0.185274600073 0.149391081896 0.130708600651 0.180665246166 0.198711406524 0.182092729818 0.198396963746 0.208016823505 
0.232840503116 0.244312067752 0.242780151791 0.246940624676 0.185274600073 0.149391081896 0.130708600651 0.180665246166 0.198711406524 0.182092729818 0.198396963746 0.208016823505 0.208016823505 
0.244312067752 0.242780151791 0.246940624676 0.185274600073 0.149391081896 0.130708600651 0.180665246166 0.198711406524 0.182092729818 0.198396963746 0.208016823505 0.208016823505 0.220373957079 
0.267779618433 0.267779618433 0.274832438769 0.267092810449 0.288402914711 0.16506944401 0.129315362149 0.102924923447 0.127164967639 0.175740125095 0.239361739947 0.268474952738 0.265108832657 
0.267779618433 0.274832438769 0.267092810449 0.288402914711 0.16506944401 0.129315362149 0.102924923447 0.127164967639 0.175740125095 0.239361739947 0.268474952738 0.265108832657 0.280487786237 
0.274832438769 0.267092810449 0.288402914711 0.16506944401 0.129315362149 0.102924923447 0.127164967639 0.175740125095 0.239361739947 0.268474952738 0.265108832657 0.280487786237 0.28664196273 
