0.301212901945 0.293753061011 0.304341808544 0.302050745036 0.274218873048 0.199920095872 0.161167132954 0.144419000293 0.166474524728 0.220990452082 0.231479775249 0.261094522521 0.251293338739 
0.293753061011 0.304341808544 0.302050745036 0.274218873048 0.199920095872 0.161167132954 0.144419000293 0.166474524728 0.220990452082 0.231479775249 0.261094522521 0.251293338739 0.266273826131 
0.303262204088 0.304101438226 0.294703457013 0.28370851444 0.308917413916 0.23152222721 0.154082815956 0.13286872419 0.154082815956 0.164478404685 0.189920095872 0.22621205374 0.240442822971 
0.304101438226 0.294703457013 0.28370851444 0.308917413916 0.23152222721 0.154082815956 0.13286872419 0.154082815956 0.164478404685 0.189920095872 0.22621205374 0.240442822971 0.2453504698 
0.294703457013 0.28370851444 0.308917413916 0.23152222721 0.154082815956 0.13286872419 0.154082815956 0.164478404685 0.189920095872 0.22621205374 0.240442822971 0.2453504698 0.274778481156 
0.314721500745 0.321373382538 0.321373382538 0.321373382538 0.321373382538 0.175751652835 0.131442436223 0.140053583315 0.168823507402 0.20660058558 0.26656145491 0.321225867473 0.314427257999 
0.321373382538 0.321373382538 0.321373382538 0.321373382538 0.175751652835 0.131442436223 0.140053583315 0.168823507402 0.20660058558 0.26656145491 0.321225867473 0.314427257999 0.324604558934 
0.31427278835 0.318850253746 0.320656533352 0.320013023078 0.294960835293 0.208152723561 0.189057143213 0.172999041753 0.233805368223 0.280665427471 0.309700141411 0.286312938887 0.290470126636 
0.318850253746 0.320656533352 0.320013023078 0.294960835293 0.208152723561 0.189057143213 0.172999041753 0.233805368223 0.280665427471 0.309700141411 0.286312938887 0.290470126636 0.314713667408 
0.311507723733 0.301816683156 0.320997344982 0.320997344982 0.300507014867 0.19988965507 0.145959209594 0.155773384243 0.138435467357 0.197063345955 0.200230207934 0.2453504698 0.255202047845 
0.301816683156 0.320997344982 0.320997344982 0.300507014867 0.19988965507 0.145959209594 0.155773384243 0.138435467357 0.197063345955 0.200230207934 0.2453504698 0.255202047845 0.246921960877 
0.320997344982 0.320997344982 0.300507014867 0.19988965507 0.145959209594 0.155773384243 0.138435467357 0.197063345955 0.200230207934 0.2453504698 0.255202047845 0.246921960877 0.246145675408 
0.22621205374 0.255427351536 0.261844174644 0.265598244479 0.245442822971 0.174635361372 0.166989715839 0.139131090254 0.165514685955 0.247345437788 0.222629982773 0.26688472777 0.256466579345 
0.255427351536 0.261844174644 0.265598244479 0.245442822971 0.174635361372 0.166989715839 0.139131090254 0.165514685955 0.247345437788 0.222629982773 0.26688472777 0.256466579345 0.277144013564 
0.245427351536 0.250410975757 0.224958772014 0.236286483291 0.220548827739 0.166594422758 0.163333333333 0.156107875034 0.153333333333 0.143188323648 0.158042861559 0.170843250877 0.21741176545 
0.250410975757 0.224958772014 0.236286483291 0.220548827739 0.166594422758 0.163333333333 0.156107875034 0.153333333333 0.143188323648 0.158042861559 0.170843250877 0.21741176545 0.236598598018 
0.330068150827 0.343438316914 0.343756602185 0.337502008911 0.265671993392 0.142797520357 0.13 0.164542327987 0.196002901125 0.229529938884 0.280862493731 0.289410426001 0.308320545 
0.298510966421 0.297864688238 0.308013566152 0.310366323693 0.206609693062 0.161166149289 0.148868054425 0.1546156836 0.167640674017 0.23035690288 0.276552504745 0.280525107604 0.275135675132 
0.250986003633 0.235742189275 0.247195614149 0.228711899511 0.313975189721 0.260846996138 0.201558948938 0.272068537876 0.26708337622 0.339337516932 0.342010947572 0.376984342453 0.376984342453
0.250986003633 0.235742189275 0.247195614149 0.228711899511 0.313975189721 0.260846996138 0.201558948938 0.272068537876 0.26708337622 0.339337516932 0.342010947572 0.376984342453 0.305285295992 
0.339337516932 0.342010947572 0.376984342453 0.305285295992 0.307414514894 0.227076498426 0.16213557035 0.126418853805 0.138815832441 0.154427727958 0.171909767884 0.187970636796 0.209959905324 
0.342010947572 0.376984342453 0.305285295992 0.307414514894 0.227076498426 0.16213557035 0.126418853805 0.138815832441 0.154427727958 0.171909767884 0.187970636796 0.209959905324 0.233163605479 
0.307414514894 0.227076498426 0.16213557035 0.126418853805 0.138815832441 0.154427727958 0.171909767884 0.187970636796 0.209959905324 0.233163605479 0.18387480493 0.152645987483 0.132850534875 
0.227076498426 0.16213557035 0.126418853805 0.138815832441 0.154427727958 0.171909767884 0.187970636796 0.209959905324 0.233163605479 0.18387480493 0.152645987483 0.132850534875 0.16910082465 
0.16213557035 0.126418853805 0.138815832441 0.154427727958 0.171909767884 0.187970636796 0.209959905324 0.233163605479 0.18387480493 0.152645987483 0.132850534875 0.16910082465 0.190420757893 
0.126418853805 0.138815832441 0.154427727958 0.171909767884 0.187970636796 0.209959905324 0.233163605479 0.18387480493 0.152645987483 0.132850534875 0.16910082465 0.190420757893 0.267625284835 
0.138815832441 0.154427727958 0.171909767884 0.187970636796 0.209959905324 0.233163605479 0.18387480493 0.152645987483 0.132850534875 0.16910082465 0.190420757893 0.267625284835 0.299131254285 
0.154427727958 0.171909767884 0.187970636796 0.209959905324 0.233163605479 0.18387480493 0.152645987483 0.132850534875 0.16910082465 0.190420757893 0.267625284835 0.299131254285 0.257262162281 
0.171909767884 0.187970636796 0.209959905324 0.233163605479 0.18387480493 0.152645987483 0.132850534875 0.16910082465 0.190420757893 0.267625284835 0.299131254285 0.257262162281 0.145334542675 
0.16910082465 0.190420757893 0.267625284835 0.299131254285 0.257262162281 0.145334542675 0.145214089139 0.149961028013 0.114534422833 0.160642103429 0.207614047458 0.235857771867 0.26830173654 
0.190420757893 0.267625284835 0.299131254285 0.257262162281 0.145334542675 0.145214089139 0.149961028013 0.114534422833 0.160642103429 0.207614047458 0.235857771867 0.26830173654 0.259151982033 
0.267625284835 0.299131254285 0.257262162281 0.145334542675 0.145214089139 0.149961028013 0.114534422833 0.160642103429 0.207614047458 0.235857771867 0.26830173654 0.259151982033 0.30890254479 
0.276361723328 0.270237236573 0.251524835196 0.270699132999 0.27097496914 0.27097496914 0.190614823319 0.129703780745 0.18579870727 0.231196582305 0.27492991643 0.302644224825 0.311554520928 
0.270237236573 0.251524835196 0.270699132999 0.27097496914 0.27097496914 0.190614823319 0.129703780745 0.18579870727 0.231196582305 0.27492991643 0.302644224825 0.311554520928 0.303450786944 
0.291773944973 0.273965481141 0.274546899774 0.302914659356 0.263659813015 0.1568023209 0.135099903525 0.125708281375 0.146867144034 0.167762452656 0.215107366605 0.239521948471 0.241405958075 
0.273965481141 0.274546899774 0.302914659356 0.263659813015 0.1568023209 0.135099903525 0.125708281375 0.146867144034 0.167762452656 0.215107366605 0.239521948471 0.241405958075 0.26656145491 
0.297624537326 0.3107292824 0.345555821059 0.316769932118 0.270345676108 0.193008176388 0.186649466146 0.191309264923 0.19736389147 0.226669829633 0.275314193668 0.271169364825 0.286050068161 
0.3107292824 0.345555821059 0.316769932118 0.270345676108 0.193008176388 0.186649466146 0.191309264923 0.19736389147 0.226669829633 0.275314193668 0.271169364825 0.286050068161 0.304818977474 
0.323673508729 0.314086446369 0.333896070355 0.323946978199 0.278863212806 0.204754836067 0.173261089424 0.163045479854 0.227364447706 0.24571034206 0.264955595303 0.27064280153 0.285351669436 
0.2993629327 0.299148426611 0.30473975824 0.273160695481 0.207061601858 0.165708477276 0.121622776602 0.1080289806 0.0873466470144 0.0977261649901 0.0995606598445 0.125294560262 0.123715865037 
0.299148426611 0.30473975824 0.273160695481 0.207061601858 0.165708477276 0.121622776602 0.1080289806 0.0873466470144 0.0977261649901 0.0995606598445 0.125294560262 0.123715865037 0.151900041214 
0.30473975824 0.273160695481 0.207061601858 0.165708477276 0.121622776602 0.1080289806 0.0873466470144 0.0977261649901 0.0995606598445 0.125294560262 0.123715865037 0.151900041214 0.13826216886 
0.292259946958 0.292259946958 0.271489672031 0.282384791109 0.235058599837 0.171472379644 0.163731988504 0.170207781886 0.188368010277 0.246190598338 0.246190598338 0.263169988577 0.277609535439 
0.292259946958 0.271489672031 0.282384791109 0.235058599837 0.171472379644 0.163731988504 0.170207781886 0.188368010277 0.246190598338 0.246190598338 0.263169988577 0.277609535439 0.266907415594 
0.266923975339 0.255739024365 0.250321216222 0.265998310159 0.256836416391 0.163043478261 0.133399209486 0.137007161417 0.159873188406 0.19257111162 0.211244400777 0.234910577654 0.219690254186 
0.255739024365 0.250321216222 0.265998310159 0.256836416391 0.163043478261 0.133399209486 0.137007161417 0.159873188406 0.19257111162 0.211244400777 0.234910577654 0.219690254186 0.251042751872 
0.299303094298 0.292912028495 0.312066827524 0.29843872311 0.298788030991 0.255203306965 0.179120381129 0.15063754631 0.203337069498 0.268796251483 0.268356205837 0.2926339546 0.310005157722 
0.292912028495 0.312066827524 0.29843872311 0.298788030991 0.255203306965 0.179120381129 0.15063754631 0.203337069498 0.268796251483 0.268356205837 0.2926339546 0.310005157722 0.340531544265 
0.337153458466 0.347362353508 0.326861952774 0.346810265989 0.272381395374 0.185945044842 0.116198975966 0.124791995672 0.132198670219 0.191576086957 0.234720549729 0.266534655585 0.287238301209 
0.347362353508 0.326861952774 0.346810265989 0.272381395374 0.185945044842 0.116198975966 0.124791995672 0.132198670219 0.191576086957 0.234720549729 0.266534655585 0.287238301209 0.309250039381 
0.335689763414 0.29357298372 0.283113704917 0.271067103532 0.262673805062 0.212093601192 0.137007161417 0.170289855072 0.20133142865 0.212772013954 0.224255949193 0.262116632805 0.261650334292 
0.29357298372 0.283113704917 0.271067103532 0.262673805062 0.212093601192 0.137007161417 0.170289855072 0.20133142865 0.212772013954 0.224255949193 0.262116632805 0.261650334292 0.267918706572 
0.282870920295 0.236185521904 0.208152723561 0.212772013954 0.223372067208 0.170289855072 0.133328882682 0.123740855063 0.147645224789 0.170289855072 0.182070127251 0.202019225526 0.244918780567 
0.236185521904 0.208152723561 0.212772013954 0.223372067208 0.170289855072 0.133328882682 0.123740855063 0.147645224789 0.170289855072 0.182070127251 0.202019225526 0.244918780567 0.254512644328 
0.385921569834 0.397516609727 0.380234965656 0.40205284612 0.367013588003 0.252272661967 0.181136511187 0.178558544865 0.225050353463 0.262054130121 0.321928436873 0.337225462667 0.348386676963 
0.397516609727 0.380234965656 0.40205284612 0.367013588003 0.252272661967 0.181136511187 0.178558544865 0.225050353463 0.262054130121 0.321928436873 0.337225462667 0.348386676963 0.35301525219 
0.234499033314 0.234779164742 0.229402959975 0.155864500037 0.127418029342 0.0869154851459 0.108593060691 0.0959783707991 0.108654615581 0.0868744485526 0.135109490034 0.135029550572 0.119263998886 
0.234779164742 0.229402959975 0.155864500037 0.127418029342 0.0869154851459 0.108593060691 0.0959783707991 0.108654615581 0.0868744485526 0.135109490034 0.135029550572 0.119263998886 0.14322438729 
0.229402959975 0.155864500037 0.127418029342 0.0869154851459 0.108593060691 0.0959783707991 0.108654615581 0.0868744485526 0.135109490034 0.135029550572 0.119263998886 0.14322438729 0.154162459211 
0.155864500037 0.127418029342 0.0869154851459 0.108593060691 0.0959783707991 0.108654615581 0.0868744485526 0.135109490034 0.135029550572 0.119263998886 0.14322438729 0.154162459211 0.194845659263 
0.127418029342 0.0869154851459 0.108593060691 0.0959783707991 0.108654615581 0.0868744485526 0.135109490034 0.135029550572 0.119263998886 0.14322438729 0.154162459211 0.194845659263 0.19986364536 
0.0869154851459 0.108593060691 0.0959783707991 0.108654615581 0.0868744485526 0.135109490034 0.135029550572 0.119263998886 0.14322438729 0.154162459211 0.194845659263 0.19986364536 0.20850905465 
0.108593060691 0.0959783707991 0.108654615581 0.0868744485526 0.135109490034 0.135029550572 0.119263998886 0.14322438729 0.154162459211 0.194845659263 0.19986364536 0.20850905465 0.252481268899 
0.0959783707991 0.108654615581 0.0868744485526 0.135109490034 0.135029550572 0.119263998886 0.14322438729 0.154162459211 0.194845659263 0.19986364536 0.20850905465 0.252481268899 0.259973074981 
0.345933894196 0.324808271588 0.311325556204 0.327466191352 0.277862022906 0.241786154959 0.191800930479 0.144465378079 0.148689914029 0.147058859799 0.122425629291 0.105937224276 0.114865795705 
0.324808271588 0.311325556204 0.327466191352 0.277862022906 0.241786154959 0.191800930479 0.144465378079 0.148689914029 0.147058859799 0.122425629291 0.105937224276 0.114865795705 0.136565115428 
0.311325556204 0.327466191352 0.277862022906 0.241786154959 0.191800930479 0.144465378079 0.148689914029 0.147058859799 0.122425629291 0.105937224276 0.114865795705 0.136565115428 0.142273604157 
0.327466191352 0.277862022906 0.241786154959 0.191800930479 0.144465378079 0.148689914029 0.147058859799 0.122425629291 0.105937224276 0.114865795705 0.136565115428 0.142273604157 0.169914477789 
0.277862022906 0.241786154959 0.191800930479 0.144465378079 0.148689914029 0.147058859799 0.122425629291 0.105937224276 0.114865795705 0.136565115428 0.142273604157 0.169914477789 0.146040610142 
0.241786154959 0.191800930479 0.144465378079 0.148689914029 0.147058859799 0.122425629291 0.105937224276 0.114865795705 0.136565115428 0.142273604157 0.169914477789 0.146040610142 0.171296023838 
0.191800930479 0.144465378079 0.148689914029 0.147058859799 0.122425629291 0.105937224276 0.114865795705 0.136565115428 0.142273604157 0.169914477789 0.146040610142 0.171296023838 0.162161707438 
0.144465378079 0.148689914029 0.147058859799 0.122425629291 0.105937224276 0.114865795705 0.136565115428 0.142273604157 0.169914477789 0.146040610142 0.171296023838 0.162161707438 0.142853453246 
0.139160106895 0.162501717413 0.183335075913 0.176638888387 0.133337654596 0.0941813532547 0.0955174390843 0.0939735036049 0.0949071810966 0.172780088289 0.159482623933 0.188389460011 0.19758469023 
0.162501717413 0.183335075913 0.176638888387 0.133337654596 0.0941813532547 0.0955174390843 0.0939735036049 0.0949071810966 0.172780088289 0.159482623933 0.188389460011 0.19758469023 0.20771534487 
0.376112575487 0.361245228526 0.371237238113 0.384880007917 0.348075092475 0.213434859565 0.184683497533 0.208565326061 0.175151429643 0.239499813066 0.245827330372 0.239250076956 0.257516826193 
0.361245228526 0.371237238113 0.384880007917 0.348075092475 0.213434859565 0.184683497533 0.208565326061 0.175151429643 0.239499813066 0.245827330372 0.239250076956 0.257516826193 0.239907269695 
0.38486314562 0.384385762432 0.396077407603 0.380703974266 0.295087445834 0.198051948052 0.17131069736 0.227640679738 0.255675349516 0.304994135527 0.336945395112 0.338052145284 0.338052145284 
0.355179677196 0.365650674166 0.355393384999 0.345230131068 0.308700872462 0.239142886256 0.207641083474 0.235663472546 0.251563577195 0.27336349825 0.306113422227 0.303032738675 0.32966683236 
0.365650674166 0.355393384999 0.345230131068 0.308700872462 0.239142886256 0.207641083474 0.235663472546 0.251563577195 0.27336349825 0.306113422227 0.303032738675 0.32966683236 0.299035800053 
0.312984845099 0.312984845099 0.302156829148 0.292513876734 0.273323128603 0.18577683457 0.157396298678 0.179109948203 0.133328882682 0.202407727711 0.196022727273 0.223179650132 0.273480269168 
0.312984845099 0.302156829148 0.292513876734 0.273323128603 0.18577683457 0.157396298678 0.179109948203 0.133328882682 0.202407727711 0.196022727273 0.223179650132 0.273480269168 0.285514263042 
0.302156829148 0.292513876734 0.273323128603 0.18577683457 0.157396298678 0.179109948203 0.133328882682 0.202407727711 0.196022727273 0.223179650132 0.273480269168 0.285514263042 0.277981644263 
0.240046666554 0.259024961539 0.257605318955 0.256665805727 0.242199778677 0.172586457891 0.147713182443 0.155901379722 0.137778975099 0.15101490183 0.180883717811 0.178803377052 0.227971880021 
0.259024961539 0.257605318955 0.256665805727 0.242199778677 0.172586457891 0.147713182443 0.155901379722 0.137778975099 0.15101490183 0.180883717811 0.178803377052 0.227971880021 0.22051780479 
0.257605318955 0.256665805727 0.242199778677 0.172586457891 0.147713182443 0.155901379722 0.137778975099 0.15101490183 0.180883717811 0.178803377052 0.227971880021 0.22051780479 0.205400681331 
0.256665805727 0.242199778677 0.172586457891 0.147713182443 0.155901379722 0.137778975099 0.15101490183 0.180883717811 0.178803377052 0.227971880021 0.22051780479 0.205400681331 0.222577303701 
0.319467551147 0.340531544265 0.298495012524 0.26786626107 0.239303697813 0.190165746744 0.150268650818 0.180507432829 0.203637492072 0.25673684611 0.277074743966 0.310392676226 0.318310111211 
0.340531544265 0.298495012524 0.26786626107 0.239303697813 0.190165746744 0.150268650818 0.180507432829 0.203637492072 0.25673684611 0.277074743966 0.310392676226 0.318310111211 0.319818300874 
