0.30806249427 0.274114383885 0.279105222003 0.27923221853 0.234208430812 0.19447525554 0.164344331041 0.198761420267 0.188735177866 0.204876611765 0.216873706004 0.245226422781 0.232566771344 
0.372813578832 0.372106834151 0.384489273371 0.360908816927 0.322237555297 0.230871003909 0.194684326516 0.251686893601 0.231504271566 0.275617250446 0.280362502363 0.268550668803 0.273647829199 
0.360754918921 0.369047619048 0.369047619048 0.368845500784 0.345238095238 0.245638704044 0.188100656612 0.199750467776 0.211816917786 0.230854557437 0.256241320134 0.273499609139 0.287069074471 
0.369047619048 0.369047619048 0.368845500784 0.345238095238 0.245638704044 0.188100656612 0.199750467776 0.211816917786 0.230854557437 0.256241320134 0.273499609139 0.287069074471 0.321253402267 
0.360187492126 0.362268419378 0.357142857143 0.360187492126 0.243756915898 0.191474420341 0.206896820073 0.183992858518 0.204188503539 0.231272511662 0.232021586185 0.268452380952 0.292508299078 
0.362268419378 0.357142857143 0.360187492126 0.243756915898 0.191474420341 0.206896820073 0.183992858518 0.204188503539 0.231272511662 0.232021586185 0.268452380952 0.292508299078 0.297282183847 
0.245090343028 0.261094050282 0.262174217118 0.250996289272 0.256313325784 0.221840813173 0.188912134282 0.21404317237 0.225934459723 0.19795817898 0.213803086349 0.226055730681 0.203615769385 
0.365570518999 0.387611698466 0.375465364632 0.38757859618 0.374914116571 0.331211436383 0.239139296319 0.202273155974 0.221185600811 0.24985177994 0.278918431002 0.325568932045 0.336857957768 
0.387611698466 0.375465364632 0.38757859618 0.374914116571 0.331211436383 0.239139296319 0.202273155974 0.221185600811 0.24985177994 0.278918431002 0.325568932045 0.336857957768 0.348888011467 
0.333322206706 0.372786253892 0.349631444534 0.37207877948 0.365569789267 0.298604315837 0.202151885016 0.207489936955 0.281004907059 0.245226422781 0.314393939394 0.326414019817 0.326414019817 
0.3622302063 0.363448825493 0.354206152904 0.349531330175 0.348823855762 0.240119062315 0.20128736817 0.237825747077 0.237960492586 0.261756541845 0.314241564652 0.302336802748 0.330076382217 
0.281004907059 0.28473739397 0.267566515773 0.273526132348 0.273667756026 0.237960492586 0.219381224309 0.21404317237 0.20997062086 0.232449981152 0.225955475882 0.233485470554 0.239137962076 
0.28473739397 0.267566515773 0.273526132348 0.273667756026 0.237960492586 0.219381224309 0.21404317237 0.20997062086 0.232449981152 0.225955475882 0.233485470554 0.239137962076 0.237960492586 
0.338720192916 0.338720192916 0.339704302125 0.358428083407 0.33850185222 0.257801762428 0.19220283317 0.156411439887 0.189974249731 0.226974781218 0.267434859849 0.285579540205 0.313570453104 
0.338720192916 0.339704302125 0.358428083407 0.33850185222 0.257801762428 0.19220283317 0.156411439887 0.189974249731 0.226974781218 0.267434859849 0.285579540205 0.313570453104 0.29520670026 
0.363003381438 0.354544480989 0.326414019817 0.353519668737 0.335013086899 0.244988102346 0.220968038429 0.219381224309 0.249865254491 0.279220779221 0.302336802748 0.298266336876 0.316180468072 
0.300231161041 0.323256577542 0.319631233858 0.27905908461 0.251621161509 0.227234534415 0.206666467874 0.228698743333 0.268713478601 0.286536744133 0.295788343345 0.342135042128 0.314460815651 
0.299757557694 0.300868245685 0.282341957796 0.279415581859 0.306654085943 0.190368394069 0.164294280393 0.148972382612 0.171964359825 0.195600583336 0.192982558904 0.216810450488 0.20573195876 
0.300868245685 0.282341957796 0.279415581859 0.306654085943 0.190368394069 0.164294280393 0.148972382612 0.171964359825 0.195600583336 0.192982558904 0.216810450488 0.20573195876 0.234733556449 
0.273526132348 0.24987689022 0.267597278593 0.262175187189 0.263102979283 0.229286426842 0.161922141308 0.171392335107 0.185718183537 0.160553622498 0.160553622498 0.192808473315 0.208445456264 
0.24987689022 0.267597278593 0.262175187189 0.263102979283 0.229286426842 0.161922141308 0.171392335107 0.185718183537 0.160553622498 0.160553622498 0.192808473315 0.208445456264 0.2058491701 
0.311763853958 0.294695485305 0.278847839818 0.285251758906 0.244576993837 0.180421543058 0.216460980744 0.156840002029 0.185624414465 0.153071633994 0.185945620668 0.183028128301 0.221786070564 
0.294695485305 0.278847839818 0.285251758906 0.244576993837 0.180421543058 0.216460980744 0.156840002029 0.185624414465 0.153071633994 0.185945620668 0.183028128301 0.221786070564 0.215791879569 
0.278847839818 0.285251758906 0.244576993837 0.180421543058 0.216460980744 0.156840002029 0.185624414465 0.153071633994 0.185945620668 0.183028128301 0.221786070564 0.215791879569 0.221433140388 
0.297702820751 0.296108926489 0.252220193471 0.202151885016 0.188560206195 0.175262261833 0.156498711708 0.156269005662 0.144384233882 0.139249533655 0.1425353909 0.139686283167 0.1886325669 
0.296108926489 0.252220193471 0.202151885016 0.188560206195 0.175262261833 0.156498711708 0.156269005662 0.144384233882 0.139249533655 0.1425353909 0.139686283167 0.1886325669 0.154907002426 
0.252220193471 0.202151885016 0.188560206195 0.175262261833 0.156498711708 0.156269005662 0.144384233882 0.139249533655 0.1425353909 0.139686283167 0.1886325669 0.154907002426 0.166344914709 
0.202151885016 0.188560206195 0.175262261833 0.156498711708 0.156269005662 0.144384233882 0.139249533655 0.1425353909 0.139686283167 0.1886325669 0.154907002426 0.166344914709 0.208827466273 
0.188560206195 0.175262261833 0.156498711708 0.156269005662 0.144384233882 0.139249533655 0.1425353909 0.139686283167 0.1886325669 0.154907002426 0.166344914709 0.208827466273 0.221080110606 
0.175262261833 0.156498711708 0.156269005662 0.144384233882 0.139249533655 0.1425353909 0.139686283167 0.1886325669 0.154907002426 0.166344914709 0.208827466273 0.221080110606 0.244440524529 
0.282341957796 0.300097792113 0.289238486044 0.255675349516 0.232549237175 0.20053446734 0.178048104105 0.172824766708 0.182744250337 0.192857274624 0.190260597662 0.182744250337 0.155905695966 
0.300097792113 0.289238486044 0.255675349516 0.232549237175 0.20053446734 0.178048104105 0.172824766708 0.182744250337 0.192857274624 0.190260597662 0.182744250337 0.155905695966 0.153571022357 
0.289238486044 0.255675349516 0.232549237175 0.20053446734 0.178048104105 0.172824766708 0.182744250337 0.192857274624 0.190260597662 0.182744250337 0.155905695966 0.153571022357 0.142213638942 
0.255675349516 0.232549237175 0.20053446734 0.178048104105 0.172824766708 0.182744250337 0.192857274624 0.190260597662 0.182744250337 0.155905695966 0.153571022357 0.142213638942 0.179552139249 
0.232549237175 0.20053446734 0.178048104105 0.172824766708 0.182744250337 0.192857274624 0.190260597662 0.182744250337 0.155905695966 0.153571022357 0.142213638942 0.179552139249 0.190047187866 
0.20053446734 0.178048104105 0.172824766708 0.182744250337 0.192857274624 0.190260597662 0.182744250337 0.155905695966 0.153571022357 0.142213638942 0.179552139249 0.190047187866 0.18603938974 
0.178048104105 0.172824766708 0.182744250337 0.192857274624 0.190260597662 0.182744250337 0.155905695966 0.153571022357 0.142213638942 0.179552139249 0.190047187866 0.18603938974 0.232432025835 
0.172824766708 0.182744250337 0.192857274624 0.190260597662 0.182744250337 0.155905695966 0.153571022357 0.142213638942 0.179552139249 0.190047187866 0.18603938974 0.232432025835 0.267728210383 
0.182744250337 0.192857274624 0.190260597662 0.182744250337 0.155905695966 0.153571022357 0.142213638942 0.179552139249 0.190047187866 0.18603938974 0.232432025835 0.267728210383 0.284745290125 
0.192857274624 0.190260597662 0.182744250337 0.155905695966 0.153571022357 0.142213638942 0.179552139249 0.190047187866 0.18603938974 0.232432025835 0.267728210383 0.284745290125 0.32920554166 
0.35963462039 0.35963462039 0.368114276635 0.348173870154 0.330719042117 0.197726975794 0.172486426802 0.158286502233 0.194430614194 0.233396105334 0.24497969605 0.273527102418 0.273905628276 
0.35963462039 0.368114276635 0.348173870154 0.330719042117 0.197726975794 0.172486426802 0.158286502233 0.194430614194 0.233396105334 0.24497969605 0.273527102418 0.273905628276 0.309054735981 
0.355603905962 0.325173332013 0.352115291597 0.318478355423 0.299194676268 0.219876469013 0.152521709118 0.187915430642 0.217635408665 0.256573944153 0.298626292365 0.325625461075 0.339393208017 
0.325173332013 0.352115291597 0.318478355423 0.299194676268 0.219876469013 0.152521709118 0.187915430642 0.217635408665 0.256573944153 0.298626292365 0.325625461075 0.339393208017 0.341017888791 
0.369607705762 0.36396803203 0.328681337045 0.349388363528 0.344703701494 0.286051611849 0.197696384747 0.189328055649 0.203410891354 0.285070781799 0.31432539549 0.335000328426 0.339509047659 
0.36396803203 0.328681337045 0.349388363528 0.344703701494 0.286051611849 0.197696384747 0.189328055649 0.203410891354 0.285070781799 0.31432539549 0.335000328426 0.339509047659 0.344735344965 
0.309401805185 0.299605182953 0.307308466977 0.301133003821 0.299608534472 0.169585599397 0.161421294877 0.1601886452 0.154044011452 0.188636066703 0.201951949771 0.226827716707 0.206572141921 
0.211835580963 0.216793537419 0.221303442628 0.220540738481 0.235284729873 0.159752045395 0.152822868957 0.134955691965 0.141132701973 0.148957663603 0.168015885021 0.197297535898 0.185718183537 
0.216793537419 0.221303442628 0.220540738481 0.235284729873 0.159752045395 0.152822868957 0.134955691965 0.141132701973 0.148957663603 0.168015885021 0.197297535898 0.185718183537 0.196976329695 
0.359122690819 0.359274898019 0.364298811826 0.367180036358 0.307441224429 0.186053417075 0.194809092628 0.209773512252 0.220540738481 0.244961410555 0.28473739397 0.295290449579 0.306654085943 
0.359274898019 0.364298811826 0.367180036358 0.307441224429 0.186053417075 0.194809092628 0.209773512252 0.220540738481 0.244961410555 0.28473739397 0.295290449579 0.306654085943 0.312535601079 
0.378391465523 0.369992256037 0.388698204161 0.377869502116 0.340837524446 0.238737788566 0.175167939977 0.202151885016 0.207309092628 0.249871067526 0.272445965512 0.285819500947 0.342246774356 
0.369992256037 0.388698204161 0.377869502116 0.340837524446 0.238737788566 0.175167939977 0.202151885016 0.207309092628 0.249871067526 0.272445965512 0.285819500947 0.342246774356 0.356243154867 
0.366505865752 0.367180036358 0.360719690453 0.321909846327 0.245090343028 0.195005532719 0.186203604234 0.189956915568 0.173473689569 0.166196967527 0.215507056739 0.237424239324 0.269134952291 
0.367180036358 0.360719690453 0.321909846327 0.245090343028 0.195005532719 0.186203604234 0.189956915568 0.173473689569 0.166196967527 0.215507056739 0.237424239324 0.269134952291 0.285070781799 
0.344922883109 0.356238217617 0.356229527113 0.314320304591 0.231272511662 0.20128736817 0.207168730752 0.156269005662 0.147576307584 0.206163948227 0.208554991425 0.239775202593 0.240316765809 
0.356238217617 0.356229527113 0.314320304591 0.231272511662 0.20128736817 0.207168730752 0.156269005662 0.147576307584 0.206163948227 0.208554991425 0.239775202593 0.240316765809 0.285390896493 
0.356229527113 0.314320304591 0.231272511662 0.20128736817 0.207168730752 0.156269005662 0.147576307584 0.206163948227 0.208554991425 0.239775202593 0.240316765809 0.285390896493 0.321064758554 
0.370003832845 0.360459146347 0.386374548262 0.33894566149 0.279849047578 0.177900800814 0.166160057817 0.157167584275 0.156749228593 0.167644585766 0.15179327891 0.171465431037 0.197143852151 
0.360459146347 0.386374548262 0.33894566149 0.279849047578 0.177900800814 0.166160057817 0.157167584275 0.156749228593 0.167644585766 0.15179327891 0.171465431037 0.197143852151 0.195606951757 
0.386374548262 0.33894566149 0.279849047578 0.177900800814 0.166160057817 0.157167584275 0.156749228593 0.167644585766 0.15179327891 0.171465431037 0.197143852151 0.195606951757 0.227183782704 
0.33894566149 0.279849047578 0.177900800814 0.166160057817 0.157167584275 0.156749228593 0.167644585766 0.15179327891 0.171465431037 0.197143852151 0.195606951757 0.227183782704 0.241666995821 
0.279849047578 0.177900800814 0.166160057817 0.157167584275 0.156749228593 0.167644585766 0.15179327891 0.171465431037 0.197143852151 0.195606951757 0.227183782704 0.241666995821 0.250267314096 
0.307308466977 0.295464810501 0.313513548815 0.27338547874 0.27985794423 0.178196051288 0.152622768404 0.188452409788 0.191403275828 0.170585912006 0.215628327697 0.192965071032 0.191506129449 
0.341970946252 0.350826015915 0.341546752732 0.352156976306 0.32920554166 0.228412003904 0.194684326516 0.146254149539 0.168120142241 0.216314250754 0.228412003904 0.237424239324 0.291230309745 
0.350826015915 0.341546752732 0.352156976306 0.32920554166 0.228412003904 0.194684326516 0.146254149539 0.168120142241 0.216314250754 0.228412003904 0.237424239324 0.291230309745 0.314898008712 
0.356055616724 0.365381521392 0.344629069717 0.323225117704 0.272167255427 0.216970941108 0.1919289285 0.188572141165 0.270846181921 0.355484252669 0.364898989899 0.409872285695 0.418864888758 
0.365381521392 0.344629069717 0.323225117704 0.272167255427 0.216970941108 0.1919289285 0.188572141165 0.270846181921 0.355484252669 0.364898989899 0.409872285695 0.418864888758 0.428276676551 
0.363448825493 0.348850157016 0.352282353786 0.336756751399 0.232234584658 0.205799414275 0.168624151068 0.204188503539 0.204621385267 0.284702878923 0.268523643636 0.293248170571 0.306605420259 
0.348850157016 0.352282353786 0.336756751399 0.232234584658 0.205799414275 0.168624151068 0.204188503539 0.204621385267 0.284702878923 0.268523643636 0.293248170571 0.306605420259 0.322225195934 
0.384858481082 0.349388363528 0.36158536653 0.376149312839 0.349388363528 0.268550668803 0.186940988031 0.199378952909 0.213681815391 0.243912873539 0.292695448246 0.305879942605 0.333144689621 
0.349388363528 0.36158536653 0.376149312839 0.349388363528 0.268550668803 0.186940988031 0.199378952909 0.213681815391 0.243912873539 0.292695448246 0.305879942605 0.333144689621 0.314241564652 
0.178747036263 0.200896593512 0.199027836943 0.181533401177 0.183043710747 0.144625138535 0.104378623767 0.122168117433 0.11720347678 0.142983647805 0.187409505037 0.206856019885 0.218702182128 
0.200896593512 0.199027836943 0.181533401177 0.183043710747 0.144625138535 0.104378623767 0.122168117433 0.11720347678 0.142983647805 0.187409505037 0.206856019885 0.218702182128 0.216609678626 
0.199027836943 0.181533401177 0.183043710747 0.144625138535 0.104378623767 0.122168117433 0.11720347678 0.142983647805 0.187409505037 0.206856019885 0.218702182128 0.216609678626 0.222878425562 
0.314992434168 0.31131806161 0.319618995912 0.28473739397 0.240411303966 0.171303805316 0.178063373221 0.183043710747 0.20707198273 0.215220641859 0.239139296319 0.28473739397 0.286297900905 
0.299150872286 0.306047400534 0.295302170713 0.303549487887 0.307758665117 0.170739011477 0.146013244887 0.133611313048 0.141388905789 0.185945620668 0.220657949821 0.267167797256 0.263038128942 
0.306047400534 0.295302170713 0.303549487887 0.307758665117 0.170739011477 0.146013244887 0.133611313048 0.141388905789 0.185945620668 0.220657949821 0.267167797256 0.263038128942 0.268472796488 
0.228377363484 0.19102184429 0.244555927091 0.194380043531 0.201025052813 0.154498623445 0.144377718308 0.137565575109 0.141211812367 0.13933038096 0.186053417075 0.14736521614 0.143108914231 
0.19102184429 0.244555927091 0.194380043531 0.201025052813 0.154498623445 0.144377718308 0.137565575109 0.141211812367 0.13933038096 0.186053417075 0.14736521614 0.143108914231 0.160040419878 
0.345933821947 0.354450650264 0.351676353398 0.355716006883 0.303047461842 0.185251039457 0.140827376675 0.181092659371 0.184242692079 0.177578750204 0.227459965798 0.262347491492 0.26328411242 
0.377517574351 0.369883118075 0.369281105704 0.370821177891 0.369281105704 0.329483585316 0.187167023738 0.191833937231 0.262218111407 0.316048186494 0.334983557878 0.347541975269 0.348384064619 
0.326670368271 0.362565905818 0.379104442218 0.364078569857 0.337787316928 0.242891014561 0.166237664057 0.187167023738 0.223953223289 0.267758978899 0.305299451676 0.300891765385 0.319360998349 
0.362565905818 0.379104442218 0.364078569857 0.337787316928 0.242891014561 0.166237664057 0.187167023738 0.223953223289 0.267758978899 0.305299451676 0.300891765385 0.319360998349 0.338327766859 
0.364409593812 0.377112927333 0.357131058116 0.346279769925 0.353043038419 0.251971660017 0.177231271824 0.206610472142 0.213438552397 0.24984404236 0.286176487195 0.294040135732 0.288237738366 
0.377112927333 0.357131058116 0.346279769925 0.353043038419 0.251971660017 0.177231271824 0.206610472142 0.213438552397 0.24984404236 0.286176487195 0.294040135732 0.288237738366 0.322837579835 
0.35271965158 0.344703701494 0.344703701494 0.366840291016 0.333168319481 0.211941683899 0.197067524828 0.193381407754 0.243783941065 0.274826632932 0.313677644691 0.290422720974 0.330188947441 
0.367789392124 0.370746475607 0.389114829141 0.359390182638 0.352230606501 0.250894503921 0.192971672611 0.175991190065 0.227272727273 0.262358765014 0.31015762423 0.292863913974 0.309219664852 
0.370746475607 0.389114829141 0.359390182638 0.352230606501 0.250894503921 0.192971672611 0.175991190065 0.227272727273 0.262358765014 0.31015762423 0.292863913974 0.309219664852 0.325908494412 
0.325908494412 0.309219664852 0.318268495305 0.337036818955 0.305976856344 0.256241320134 0.214150968777 0.219502495267 0.25858811026 0.31919786141 0.31182116699 0.333485473126 0.344750851083 
0.371623180193 0.381776061046 0.354137528633 0.37471162519 0.310074897986 0.231865628544 0.219502495267 0.239139296319 0.251136363636 0.291125541126 0.334979256739 0.348850157016 0.333344136491 
0.356366193245 0.35308154678 0.376169933593 0.344918876462 0.315127060367 0.215803600703 0.190368394069 0.18312334031 0.224424525425 0.27849906731 0.314808004678 0.3432329736 0.344212131781 
0.35308154678 0.376169933593 0.344918876462 0.315127060367 0.215803600703 0.190368394069 0.18312334031 0.224424525425 0.27849906731 0.314808004678 0.3432329736 0.344212131781 0.356425755761 
0.398143415197 0.375587255798 0.386782332887 0.377943923563 0.286375049523 0.182837052354 0.178142425961 0.15271709026 0.192857274624 0.214855309171 0.273499609139 0.306501711201 0.299699939808 
0.375587255798 0.386782332887 0.377943923563 0.286375049523 0.182837052354 0.178142425961 0.15271709026 0.192857274624 0.214855309171 0.273499609139 0.306501711201 0.299699939808 0.353742764233 
0.369106700182 0.369281105704 0.358411540486 0.358411540486 0.35308154678 0.194437215773 0.157960502305 0.155956472018 0.130684254321 0.171884288341 0.219084541041 0.232030518082 0.220678602852 
0.369281105704 0.358411540486 0.358411540486 0.35308154678 0.194437215773 0.157960502305 0.155956472018 0.130684254321 0.171884288341 0.219084541041 0.232030518082 0.220678602852 0.197081819901 
0.358411540486 0.358411540486 0.35308154678 0.194437215773 0.157960502305 0.155956472018 0.130684254321 0.171884288341 0.219084541041 0.232030518082 0.220678602852 0.197081819901 0.23355608696 
0.290432040843 0.251125221745 0.266675309193 0.238519152297 0.233119618019 0.148696605892 0.161750019614 0.160768975457 0.189986996069 0.18135106788 0.211954441105 0.283950255483 0.318824478082 
0.251125221745 0.266675309193 0.238519152297 0.233119618019 0.148696605892 0.161750019614 0.160768975457 0.189986996069 0.18135106788 0.211954441105 0.283950255483 0.318824478082 0.352085189129 
0.266675309193 0.238519152297 0.233119618019 0.148696605892 0.161750019614 0.160768975457 0.189986996069 0.18135106788 0.211954441105 0.283950255483 0.318824478082 0.352085189129 0.341364212666 
0.277005446799 0.291883243044 0.312575949517 0.322943680458 0.306936167924 0.242191806083 0.165408219273 0.151294699742 0.178777455786 0.20966948039 0.201594606505 0.240536552852 0.229726374331 
0.291883243044 0.312575949517 0.322943680458 0.306936167924 0.242191806083 0.165408219273 0.151294699742 0.178777455786 0.20966948039 0.201594606505 0.240536552852 0.229726374331 0.218528844781 
0.28677458103 0.282407542366 0.288763020031 0.297132179728 0.288763020031 0.187281886509 0.138128970681 0.138193617896 0.165491555418 0.207928532884 0.201540604439 0.214550476918 0.218718546531 
0.292511961371 0.292511961371 0.298847879451 0.297019746087 0.291505926295 0.211329403488 0.138288610536 0.155047773185 0.172173561079 0.178843896532 0.19972729072 0.215578367295 0.236170978637 
0.292511961371 0.298847879451 0.297019746087 0.291505926295 0.211329403488 0.138288610536 0.155047773185 0.172173561079 0.178843896532 0.19972729072 0.215578367295 0.236170978637 0.246837182533 
0.323616464215 0.303540839788 0.296558207827 0.303540839788 0.304710755224 0.23426036626 0.138121389014 0.145592796542 0.177091143127 0.169919928406 0.234236563676 0.225013704159 0.257000794261 
0.383805345064 0.384813780166 0.369547881581 0.360358702503 0.379582698494 0.302128408102 0.207623690401 0.177510822392 0.250854703072 0.309124570333 0.336623778181 0.336479290363 0.347040444848 
0.384813780166 0.369547881581 0.360358702503 0.379582698494 0.302128408102 0.207623690401 0.177510822392 0.250854703072 0.309124570333 0.336623778181 0.336479290363 0.347040444848 0.336479290363 
0.338000476808 0.347831684618 0.375827759144 0.373621708631 0.309336145459 0.214883704065 0.184479324431 0.156570761938 0.212157782384 0.244565217391 0.319788109248 0.324520644226 0.362114446568 
0.347831684618 0.375827759144 0.373621708631 0.309336145459 0.214883704065 0.184479324431 0.156570761938 0.212157782384 0.244565217391 0.319788109248 0.324520644226 0.362114446568 0.346793978009 
