0.249221245181 0.241394358315 0.236809770471 0.241425090114 0.233496549184 0.192701031497 0.131738879644 0.194228003061 0.141549903421 0.211484561162 0.249056251233 0.217576365003 0.23694782236 
0.23259234521 0.223837939978 0.216751611528 0.218562616014 0.220732245201 0.179164776798 0.22962565464 0.183144220634 0.119041954736 0.171112304975 0.200484765846 0.191958227484 0.220330165536 
0.223837939978 0.216751611528 0.218562616014 0.220732245201 0.179164776798 0.22962565464 0.183144220634 0.119041954736 0.171112304975 0.200484765846 0.191958227484 0.220330165536 0.231259507308 
0.211522565071 0.224121177746 0.204104900806 0.215412232803 0.215996302067 0.161512218803 0.138949073271 0.178514207255 0.210854216872 0.132593520518 0.187157450711 0.190816917462 0.231620763824 
0.224121177746 0.204104900806 0.215412232803 0.215996302067 0.161512218803 0.138949073271 0.178514207255 0.210854216872 0.132593520518 0.187157450711 0.190816917462 0.231620763824 0.232839566742 
0.204104900806 0.215412232803 0.215996302067 0.161512218803 0.138949073271 0.178514207255 0.210854216872 0.132593520518 0.187157450711 0.190816917462 0.231620763824 0.232839566742 0.233564702243 
0.290411843825 0.284515300701 0.309013702119 0.284515300701 0.245340748538 0.150491108687 0.106344144775 0.135233837756 0.145796565348 0.173659122827 0.17922969575 0.241948594934 0.253637228327 
0.186757597083 0.172158304119 0.175659289055 0.164987583859 0.178885500817 0.138365649338 0.117854405788 0.0890286109049 0.123580754093 0.142197967612 0.123121462681 0.174149633144 0.185493912133 
0.172158304119 0.175659289055 0.164987583859 0.178885500817 0.138365649338 0.117854405788 0.0890286109049 0.123580754093 0.142197967612 0.123121462681 0.174149633144 0.185493912133 0.15063876483 
0.167278961431 0.179041608971 0.196537456718 0.187310525791 0.180275606616 0.132859271982 0.0982867084985 0.0835676798796 0.152127569007 0.175632702113 0.214368579365 0.233067882509 0.210349932419 
0.260017961791 0.225061953061 0.266743551677 0.229178981546 0.21325038182 0.130577306337 0.137294754675 0.167517214484 0.128803803763 0.112744219014 0.116214798106 0.149611179041 0.137350779889 
0.225061953061 0.266743551677 0.229178981546 0.21325038182 0.130577306337 0.137294754675 0.167517214484 0.128803803763 0.112744219014 0.116214798106 0.149611179041 0.137350779889 0.154334520371 
0.270946915689 0.262169068179 0.240698196376 0.245231136673 0.224219813461 0.186700571337 0.138403224999 0.16486270796 0.140035960951 0.173913426216 0.153355911864 0.18321710672 0.167899329286 
0.262169068179 0.240698196376 0.245231136673 0.224219813461 0.186700571337 0.138403224999 0.16486270796 0.140035960951 0.173913426216 0.153355911864 0.18321710672 0.167899329286 0.181663389019 
0.240698196376 0.245231136673 0.224219813461 0.186700571337 0.138403224999 0.16486270796 0.140035960951 0.173913426216 0.153355911864 0.18321710672 0.167899329286 0.181663389019 0.170422927619 
0.226059346137 0.239123453258 0.2288649297 0.236106151416 0.223428191601 0.21304735276 0.186422756363 0.198998569137 0.147356282103 0.204525400552 0.229330759753 0.259095123465 0.269138417593 
0.239123453258 0.2288649297 0.236106151416 0.223428191601 0.21304735276 0.186422756363 0.198998569137 0.147356282103 0.204525400552 0.229330759753 0.259095123465 0.269138417593 0.253992216864 
0.21569231573 0.224139971 0.206655793099 0.219939219519 0.215998398624 0.146825540254 0.0960750438165 0.0622969201349 0.104164903522 0.102730352892 0.152463157239 0.155400469511 0.183409831405 
0.224139971 0.206655793099 0.219939219519 0.215998398624 0.146825540254 0.0960750438165 0.0622969201349 0.104164903522 0.102730352892 0.152463157239 0.155400469511 0.183409831405 0.22405623499 
0.229330469327 0.211224965514 0.26434421715 0.260222848943 0.211270193465 0.0897738961994 0.0649634134434 0.0827086117988 0.132105361096 0.149960999741 0.193680073801 0.221068297605 0.215890270995 
0.211224965514 0.26434421715 0.260222848943 0.211270193465 0.0897738961994 0.0649634134434 0.0827086117988 0.132105361096 0.149960999741 0.193680073801 0.221068297605 0.215890270995 0.207060558966 
0.259281441779 0.236434867289 0.216140417121 0.241413056128 0.255278452682 0.162341578985 0.167271069365 0.135430243391 0.107021008407 0.121824618478 0.131489303813 0.148378835394 0.187652108351 
0.236434867289 0.216140417121 0.241413056128 0.255278452682 0.162341578985 0.167271069365 0.135430243391 0.107021008407 0.121824618478 0.131489303813 0.148378835394 0.187652108351 0.199509680176 
0.234518013523 0.228813922841 0.221457796503 0.221255016386 0.23928903197 0.250314064798 0.171559243372 0.225280261088 0.230857050292 0.188376526836 0.201465220683 0.28398690981 0.237601426383 
0.228813922841 0.221457796503 0.221255016386 0.23928903197 0.250314064798 0.171559243372 0.225280261088 0.230857050292 0.188376526836 0.201465220683 0.28398690981 0.237601426383 0.221916033751 
0.221457796503 0.221255016386 0.23928903197 0.250314064798 0.171559243372 0.225280261088 0.230857050292 0.188376526836 0.201465220683 0.28398690981 0.237601426383 0.221916033751 0.230890023673 
0.233870169437 0.228872008719 0.228931609315 0.242611958607 0.273820957157 0.231167035985 0.163136616587 0.214772490011 0.122141988225 0.247150340828 0.176206694235 0.154896959942 0.161779525631 
0.228872008719 0.228931609315 0.242611958607 0.273820957157 0.231167035985 0.163136616587 0.214772490011 0.122141988225 0.247150340828 0.176206694235 0.154896959942 0.161779525631 0.159249731541 
0.228931609315 0.242611958607 0.273820957157 0.231167035985 0.163136616587 0.214772490011 0.122141988225 0.247150340828 0.176206694235 0.154896959942 0.161779525631 0.159249731541 0.129055373978 
0.233153605928 0.228259867182 0.238692378028 0.204773295198 0.204678884349 0.241033923071 0.160088526992 0.225870678269 0.175547304087 0.16369047619 0.238285591483 0.233240940245 0.219355564981 
0.228259867182 0.238692378028 0.204773295198 0.204678884349 0.241033923071 0.160088526992 0.225870678269 0.175547304087 0.16369047619 0.238285591483 0.233240940245 0.219355564981 0.244701756072 
0.222065827842 0.216589735095 0.235497501187 0.221197183699 0.228946272628 0.241780925843 0.193581193282 0.163118574675 0.196266001797 0.161149951693 0.20898063507 0.239196209109 0.207608397093 
0.248164350251 0.236750015948 0.237477893817 0.223638239194 0.220722662484 0.147186358538 0.15720559045 0.0992240768259 0.14387844385 0.140448075235 0.166346714932 0.149803784018 0.168396669413 
0.234856844583 0.255652839816 0.262498280658 0.254603777939 0.198121601097 0.215190642448 0.209174377721 0.187235595731 0.137810211575 0.185296437771 0.234856844583 0.224596733757 0.240482897674 
0.292952744756 0.291026276201 0.277078283078 0.257031163975 0.255372349669 0.172182078772 0.183277824031 0.16193407898 0.218245189902 0.260704451307 0.234918318276 0.28988111155 0.267452356359 
0.269420074259 0.245039634611 0.257453923273 0.222329097456 0.250263019081 0.179808430899 0.125678244793 0.140643351026 0.109217894738 0.12707344851 0.173244428091 0.169016426427 0.214699133216 
0.245039634611 0.257453923273 0.222329097456 0.250263019081 0.179808430899 0.125678244793 0.140643351026 0.109217894738 0.12707344851 0.173244428091 0.169016426427 0.214699133216 0.198296082929 
0.271658972632 0.254977787083 0.25873712688 0.280861137261 0.244407414059 0.227385031305 0.238905331344 0.192380358203 0.156260620215 0.177958983092 0.238047583452 0.219893717646 0.218820929222 
0.254977787083 0.25873712688 0.280861137261 0.244407414059 0.227385031305 0.238905331344 0.192380358203 0.156260620215 0.177958983092 0.238047583452 0.219893717646 0.218820929222 0.255259075655 
0.249384436487 0.271022777617 0.257723476789 0.262487049215 0.228266929398 0.274443632469 0.162349183574 0.232855047799 0.189557239089 0.21484714248 0.245211271044 0.236874171166 0.221234237758 
0.271022777617 0.257723476789 0.262487049215 0.228266929398 0.274443632469 0.162349183574 0.232855047799 0.189557239089 0.21484714248 0.245211271044 0.236874171166 0.221234237758 0.239716898552 
0.245410031922 0.266216869809 0.245821250158 0.245177664422 0.266780465771 0.246922120402 0.14335727083 0.153697119031 0.153201270666 0.122117324711 0.19908977533 0.203009565234 0.215130958179 
0.266216869809 0.245821250158 0.245177664422 0.266780465771 0.246922120402 0.14335727083 0.153697119031 0.153201270666 0.122117324711 0.19908977533 0.203009565234 0.215130958179 0.20599336505 
0.245821250158 0.245177664422 0.266780465771 0.246922120402 0.14335727083 0.153697119031 0.153201270666 0.122117324711 0.19908977533 0.203009565234 0.215130958179 0.20599336505 0.223525758191 
0.224704331283 0.245783197551 0.237273247956 0.258148219195 0.246819516928 0.220035818092 0.182223522586 0.184330346606 0.237167628591 0.217397086592 0.226477958787 0.230694426873 0.223539326985 
0.245783197551 0.237273247956 0.258148219195 0.246819516928 0.220035818092 0.182223522586 0.184330346606 0.237167628591 0.217397086592 0.226477958787 0.230694426873 0.223539326985 0.251793777418 
0.237273247956 0.258148219195 0.246819516928 0.220035818092 0.182223522586 0.184330346606 0.237167628591 0.217397086592 0.226477958787 0.230694426873 0.223539326985 0.251793777418 0.220701181047 
0.205818802599 0.208875912176 0.219986176855 0.184402133434 0.174862872376 0.126070803658 0.132155056088 0.143729130162 0.14678754507 0.150437566706 0.187702458427 0.188380444298 0.201652220764 
0.177683543897 0.174388962568 0.183689852056 0.183648221827 0.206601710726 0.164934292517 0.138404163246 0.13022196023 0.132799085281 0.154293011647 0.227899436208 0.227109279103 0.250683344345 
0.174388962568 0.183689852056 0.183648221827 0.206601710726 0.164934292517 0.138404163246 0.13022196023 0.132799085281 0.154293011647 0.227899436208 0.227109279103 0.250683344345 0.241264532919 
0.205673671345 0.215692381141 0.204589939361 0.219329842036 0.211461373913 0.215215296497 0.173200924444 0.122793876723 0.14143067572 0.219276220327 0.264689557824 0.283419389792 0.2729609883 
0.215692381141 0.204589939361 0.219329842036 0.211461373913 0.215215296497 0.173200924444 0.122793876723 0.14143067572 0.219276220327 0.264689557824 0.283419389792 0.2729609883 0.324194841298 
0.277169643053 0.290851112417 0.273292794123 0.281394309352 0.264885256524 0.115750588222 0.111813499516 0.121387013863 0.157361900578 0.14796012663 0.138292769425 0.101399880914 0.149910128754 
0.290851112417 0.273292794123 0.281394309352 0.264885256524 0.115750588222 0.111813499516 0.121387013863 0.157361900578 0.14796012663 0.138292769425 0.101399880914 0.149910128754 0.160272942075 
0.273292794123 0.281394309352 0.264885256524 0.115750588222 0.111813499516 0.121387013863 0.157361900578 0.14796012663 0.138292769425 0.101399880914 0.149910128754 0.160272942075 0.115967764889 
0.281394309352 0.264885256524 0.115750588222 0.111813499516 0.121387013863 0.157361900578 0.14796012663 0.138292769425 0.101399880914 0.149910128754 0.160272942075 0.115967764889 0.109680013888 
0.264885256524 0.115750588222 0.111813499516 0.121387013863 0.157361900578 0.14796012663 0.138292769425 0.101399880914 0.149910128754 0.160272942075 0.115967764889 0.109680013888 0.120736441425 
0.115750588222 0.111813499516 0.121387013863 0.157361900578 0.14796012663 0.138292769425 0.101399880914 0.149910128754 0.160272942075 0.115967764889 0.109680013888 0.120736441425 0.168737955191 
0.111813499516 0.121387013863 0.157361900578 0.14796012663 0.138292769425 0.101399880914 0.149910128754 0.160272942075 0.115967764889 0.109680013888 0.120736441425 0.168737955191 0.170861862111 
0.121387013863 0.157361900578 0.14796012663 0.138292769425 0.101399880914 0.149910128754 0.160272942075 0.115967764889 0.109680013888 0.120736441425 0.168737955191 0.170861862111 0.201945435825 
0.195824935331 0.236115694427 0.212451317124 0.211828262329 0.236115694427 0.120487352605 0.120057725902 0.1131381621 0.205414727472 0.180687996705 0.0982522818334 0.198000173365 0.190298387384 
0.236115694427 0.212451317124 0.211828262329 0.236115694427 0.120487352605 0.120057725902 0.1131381621 0.205414727472 0.180687996705 0.0982522818334 0.198000173365 0.190298387384 0.221843787701 
0.212451317124 0.211828262329 0.236115694427 0.120487352605 0.120057725902 0.1131381621 0.205414727472 0.180687996705 0.0982522818334 0.198000173365 0.190298387384 0.221843787701 0.235712405336 
0.274404061575 0.29661324036 0.31434038726 0.314824911729 0.279554138995 0.175260885727 0.200317922646 0.203801828552 0.177083733359 0.147014308467 0.181564344524 0.255783739872 0.252199646853 
0.29661324036 0.31434038726 0.314824911729 0.279554138995 0.175260885727 0.200317922646 0.203801828552 0.177083733359 0.147014308467 0.181564344524 0.255783739872 0.252199646853 0.275469670358 
0.197774526355 0.191738298072 0.187207031032 0.196751374747 0.159702002322 0.109154479053 0.109082798857 0.125227024148 0.110486118662 0.124792734846 0.11112105681 0.122253026166 0.15594879564 
0.191738298072 0.187207031032 0.196751374747 0.159702002322 0.109154479053 0.109082798857 0.125227024148 0.110486118662 0.124792734846 0.11112105681 0.122253026166 0.15594879564 0.138939199435 
0.187207031032 0.196751374747 0.159702002322 0.109154479053 0.109082798857 0.125227024148 0.110486118662 0.124792734846 0.11112105681 0.122253026166 0.15594879564 0.138939199435 0.126648173188 
0.196751374747 0.159702002322 0.109154479053 0.109082798857 0.125227024148 0.110486118662 0.124792734846 0.11112105681 0.122253026166 0.15594879564 0.138939199435 0.126648173188 0.126648173188 
0.159702002322 0.109154479053 0.109082798857 0.125227024148 0.110486118662 0.124792734846 0.11112105681 0.122253026166 0.15594879564 0.138939199435 0.126648173188 0.126648173188 0.139642575547 
0.109154479053 0.109082798857 0.125227024148 0.110486118662 0.124792734846 0.11112105681 0.122253026166 0.15594879564 0.138939199435 0.126648173188 0.126648173188 0.139642575547 0.0942664189786 
0.109082798857 0.125227024148 0.110486118662 0.124792734846 0.11112105681 0.122253026166 0.15594879564 0.138939199435 0.126648173188 0.126648173188 0.139642575547 0.0942664189786 0.0676574516446 
0.125227024148 0.110486118662 0.124792734846 0.11112105681 0.122253026166 0.15594879564 0.138939199435 0.126648173188 0.126648173188 0.139642575547 0.0942664189786 0.0676574516446 0.097616191646 
0.110486118662 0.124792734846 0.11112105681 0.122253026166 0.15594879564 0.138939199435 0.126648173188 0.126648173188 0.139642575547 0.0942664189786 0.0676574516446 0.097616191646 0.145417999027 
0.124792734846 0.11112105681 0.122253026166 0.15594879564 0.138939199435 0.126648173188 0.126648173188 0.139642575547 0.0942664189786 0.0676574516446 0.097616191646 0.145417999027 0.116000023906 
0.11112105681 0.122253026166 0.15594879564 0.138939199435 0.126648173188 0.126648173188 0.139642575547 0.0942664189786 0.0676574516446 0.097616191646 0.145417999027 0.116000023906 0.141150918594 
0.122253026166 0.15594879564 0.138939199435 0.126648173188 0.126648173188 0.139642575547 0.0942664189786 0.0676574516446 0.097616191646 0.145417999027 0.116000023906 0.141150918594 0.154543135658 
0.15594879564 0.138939199435 0.126648173188 0.126648173188 0.139642575547 0.0942664189786 0.0676574516446 0.097616191646 0.145417999027 0.116000023906 0.141150918594 0.154543135658 0.152340288991 
0.138939199435 0.126648173188 0.126648173188 0.139642575547 0.0942664189786 0.0676574516446 0.097616191646 0.145417999027 0.116000023906 0.141150918594 0.154543135658 0.152340288991 0.205775490346 
0.126648173188 0.126648173188 0.139642575547 0.0942664189786 0.0676574516446 0.097616191646 0.145417999027 0.116000023906 0.141150918594 0.154543135658 0.152340288991 0.205775490346 0.206107619735 
0.18504299755 0.16140857219 0.16425947727 0.172753618207 0.12554220062 0.0448842150243 0.0676699204171 0.100622502692 0.050532706914 0.0750304944895 0.0984635622594 0.136527913523 0.10233530849 
0.16140857219 0.16425947727 0.172753618207 0.12554220062 0.0448842150243 0.0676699204171 0.100622502692 0.050532706914 0.0750304944895 0.0984635622594 0.136527913523 0.10233530849 0.155189470309 
0.16425947727 0.172753618207 0.12554220062 0.0448842150243 0.0676699204171 0.100622502692 0.050532706914 0.0750304944895 0.0984635622594 0.136527913523 0.10233530849 0.155189470309 0.159215226877 
0.172753618207 0.12554220062 0.0448842150243 0.0676699204171 0.100622502692 0.050532706914 0.0750304944895 0.0984635622594 0.136527913523 0.10233530849 0.155189470309 0.159215226877 0.102390994866 
0.110398003826 0.129993097222 0.111084970643 0.137113819963 0.112399531679 0.0807268514771 0.0574597954203 0.116141083792 0.170329033852 0.130358364414 0.126764540753 0.150074131098 0.190325244029 
0.129993097222 0.111084970643 0.137113819963 0.112399531679 0.0807268514771 0.0574597954203 0.116141083792 0.170329033852 0.130358364414 0.126764540753 0.150074131098 0.190325244029 0.159540916651 
0.126088247884 0.123537041813 0.118621181203 0.140928709691 0.105016833964 0.120668694065 0.0867060546738 0.117767604909 0.101074122094 0.143289124361 0.162615536774 0.18835578004 0.217742539726 
0.236168647966 0.255606234891 0.236995611962 0.230664687947 0.224092025855 0.18668383074 0.0859331349713 0.0922709281095 0.12048170132 0.11446316355 0.148981228861 0.142114984659 0.171342304126 
0.255606234891 0.236995611962 0.230664687947 0.224092025855 0.18668383074 0.0859331349713 0.0922709281095 0.12048170132 0.11446316355 0.148981228861 0.142114984659 0.171342304126 0.185417410921 
0.242137608719 0.282898872183 0.256477318011 0.282898872183 0.249223109334 0.235450133689 0.137933143145 0.19279352116 0.131805332276 0.221543663193 0.234850309902 0.242288587943 0.236999381061 
0.282898872183 0.256477318011 0.282898872183 0.249223109334 0.235450133689 0.137933143145 0.19279352116 0.131805332276 0.221543663193 0.234850309902 0.242288587943 0.236999381061 0.247552751607 
0.191753513438 0.2065898905 0.190534161703 0.232262007084 0.203876893074 0.178786846491 0.187948728347 0.192331565568 0.175407500006 0.169931275315 0.108286898069 0.148782221078 0.144280306475 
0.230793543308 0.190261858174 0.237002396479 0.240997075647 0.236803398875 0.153717018486 0.135007051076 0.192729965303 0.173245283885 0.184563985389 0.198340230627 0.223339124456 0.233429422867 
0.281594644123 0.254450619241 0.253932382171 0.265962902509 0.256802000566 0.195840245955 0.165894606623 0.140448075235 0.168573353334 0.124746636352 0.149737941512 0.151822666941 0.123017346476 
0.254450619241 0.253932382171 0.265962902509 0.256802000566 0.195840245955 0.165894606623 0.140448075235 0.168573353334 0.124746636352 0.149737941512 0.151822666941 0.123017346476 0.140541869905 
0.253932382171 0.265962902509 0.256802000566 0.195840245955 0.165894606623 0.140448075235 0.168573353334 0.124746636352 0.149737941512 0.151822666941 0.123017346476 0.140541869905 0.157866546669 
0.232986095971 0.259006058733 0.270350909408 0.260254858144 0.207278432462 0.172512713877 0.190292731709 0.167799461353 0.184878788039 0.13144279689 0.203836095641 0.226199841238 0.230404095917 
0.259006058733 0.270350909408 0.260254858144 0.207278432462 0.172512713877 0.190292731709 0.167799461353 0.184878788039 0.13144279689 0.203836095641 0.226199841238 0.230404095917 0.242607872745 
